4096
-6.045717	-2.139348
17.886898	19.895016
55.650502	38.981292
69.481491	-20.218513
-86.309397	6.851405
74.651326	33.634449
-43.082980	24.124882
97.973571	-9.811701
51.817377	-86.675619
-94.061098	-52.281259
10.299997	18.478957
27.158422	-61.510056
-18.631550	55.211035
-73.046052	29.874569
72.783593	70.622883
52.751244	13.315226
9.109775	94.250313
6.320383	-87.517930
-67.662587	-38.840907
-0.698874	41.795099
-48.704489	88.714255
48.136845	46.543779
-53.807184	87.939085
64.726707	55.973998
34.458449	-8.957183
99.017304	-19.510483
4.135258	-23.862423
89.825129	84.209723
-78.820154	-29.520554
-19.907224	64.195685
16.763817	13.492233
-47.160253	-32.432020
60.911893	-39.231544
44.083987	-22.214423
-71.221046	10.409864
88.964507	1.260414
-34.305857	32.773827
57.298502	85.637989
57.292398	-14.877773
-65.123447	1.010163
10.995819	-7.852412
6.674398	15.201270
-44.944609	-26.133000
98.290963	-5.508591
-38.554033	1.986755
31.815546	60.960723
-1.205481	66.032899
52.452162	-62.285226
21.671194	30.503250
82.012391	13.315226
-97.552416	64.299448
-44.303720	56.462294
12.015137	-76.348155
98.278756	12.497330
-44.511246	-30.173650
-4.019288	12.643818
69.365520	-97.180090
-79.619739	27.475814
-13.840144	92.382580
60.411390	95.751823
72.917875	87.462996
-81.109043	-40.134892
49.790948	-14.493240
-70.250557	39.243751
-5.044710	42.741173
-47.825556	-27.182836
42.069765	6.680502
-2.017273	61.949522
-23.368023	-47.782830
48.454237	44.944609
37.321085	-97.546312
-83.165990	-65.520188
-71.239357	15.506455
12.839137	-50.791955
-48.216193	18.643757
-34.702597	70.659505
57.591479	70.897549
-40.665914	56.865139
-68.095950	-64.549699
-55.833613	43.864254
-84.429456	43.040254
-32.090213	-33.689383
67.607654	-72.374645
-4.434339	-71.501816
-22.830897	15.591906
66.484573	-42.960906
30.576495	49.656667
-52.513199	66.386914
-60.380871	-71.123386
-62.004456	68.535417
37.540819	45.872372
-16.678365	58.128605
-51.286355	-97.454756
-47.581408	4.147465
-61.449019	85.637989
36.381115	-20.432142
-50.407422	-16.788232
-76.207770	60.057375
30.283517	-76.506851
-90.575884	23.172704
-37.485885	-82.860805
-7.742546	79.125340
-5.722221	84.331797
-80.761132	-35.557115
83.635975	-52.134770
31.070894	29.831843
-39.744255	73.522141
66.087832	53.318888
10.806604	38.895840
-21.335490	10.171819
94.390698	12.088382
-71.697134	-69.426557
94.335765	-78.685873
95.666372	76.561785
-87.432478	96.862697
81.810968	-30.753502
-87.218848	-33.518479
-53.093051	97.759941
-81.286050	85.631886
44.633320	41.026032
-26.261177	83.660390
-91.497543	33.738212
-31.962035	7.309183
-53.550829	-92.345958
-60.399182	42.698447
-0.167852	39.622181
-44.688253	97.082430
-76.885281	37.376019
-21.646779	21.652882
40.592669	-5.410932
28.183844	-43.443098
36.191900	46.269112
39.359722	-20.517594
-67.162084	55.766472
-74.578082	-61.052278
-82.531205	-35.282449
54.130680	53.685110
68.010498	37.131870
40.226447	-40.806299
-61.467330	-71.196631
62.108219	-17.069002
58.940397	13.449507
8.493301	-70.860927
-94.756920	96.685690
61.467330	-45.219275
-3.091525	-50.859096
22.098453	17.691580
77.312540	-9.976501
-15.134129	78.270821
33.689383	-47.782830
67.180395	-64.055300
-87.200537	60.393078
0.234993	81.621754
88.537248	-46.842860
87.426374	47.398297
-62.315744	80.681784
-63.420515	34.861293
80.254524	8.859523
72.338023	-96.954253
-59.642323	-38.511307
34.745323	97.509690
84.203619	31.492050
70.537431	1.577807
91.161840	-7.443464
23.178808	91.210669
14.352855	-57.560961
-71.977905	-25.486007
-13.071078	-90.862758
-81.249428	97.399823
30.295724	51.200903
-48.533586	-3.622547
20.535905	-16.556291
-47.477645	79.967650
69.298379	59.288308
96.502579	19.821772
75.383770	-58.983123
20.493179	-67.113254
-96.710105	89.135411
80.968657	35.819575
-55.040132	-97.845393
59.434797	-47.087008
-79.039888	-61.998352
23.233741	-41.190832
77.397992	-51.683096
-52.372814	-62.797937
34.739219	-43.107395
5.459761	-63.158055
44.926298	-86.486404
-69.322794	-94.012268
-87.176122	-45.561083
-38.114566	86.736656
-61.516160	0.747703
-27.719962	50.230415
-63.737907	-74.163030
92.107913	54.252754
87.224952	23.368023
29.996643	-95.739616
80.932035	6.729331
-0.656148	-0.766015
-97.003082	71.526231
56.041139	-56.529435
-75.426496	52.116459
-46.256905	5.758843
49.980163	3.561510
-76.946318	6.936857
-21.121860	40.263070
80.669576	-82.677694
-60.899686	-37.601856
74.925993	-54.911954
-53.550829	-98.388623
73.937193	-3.036592
-52.342296	-83.025605
-97.503586	92.370373
-97.125156	-27.311014
34.141057	12.430189
-36.204108	28.623310
44.425794	-35.123753
3.750725	75.005341
31.919309	-53.660695
56.053346	42.497024
12.906278	-16.953032
-83.300272	18.948943
-3.762932	-68.651387
67.900632	-96.038697
-55.516221	19.278542
-21.573534	-67.284158
-72.338023	10.281686
-62.730796	0.027467
75.823237	-29.398480
76.714377	16.214484
36.649678	-78.704184
-58.928190	25.711844
-55.516221	-43.644520
57.487716	-80.059206
6.826991	-91.949217
64.757225	75.493637
-85.271767	-59.190649
56.828516	-51.060518
-16.739402	-45.146031
96.807764	-40.336314
28.275399	-19.156468
-41.978210	91.656240
85.772271	46.812342
48.289438	-54.191717
-19.919431	98.590045
-26.432081	73.863948
47.166356	54.997406
97.399823	-74.858852
19.150365	-20.908231
-47.782830	37.577441
-23.441267	46.604816
58.958708	3.952147
-25.724052	92.980743
11.014130	44.950713
47.648549	20.102542
-21.011994	-80.022584
4.861599	44.096194
92.321543	7.193213
-88.030641	65.379803
54.197821	83.874020
76.671651	-57.817316
45.841853	38.462477
37.211219	-51.078829
76.549577	45.524461
-37.388226	0.509659
35.666982	34.775842
-29.532762	-76.042970
2.761925	-14.450514
-31.443220	-41.465499
72.289193	77.916807
-73.448897	-34.385205
48.875393	31.644642
-15.939817	-70.403150
69.652394	64.342174
-98.767052	31.076998
-90.264595	-0.009156
58.201849	73.516037
27.176733	-40.910062
-90.429395	-55.278176
-96.417127	-38.291574
-99.688711	94.293039
-63.225196	74.687948
-50.852992	-91.674551
41.538743	34.208197
-94.189276	-37.266152
14.908292	-24.967193
88.384655	36.179693
22.135075	-2.377392
-93.066195	64.146855
59.593493	4.354991
79.796747	-84.765160
-49.107334	-63.780633
48.558000	-29.044465
-67.540513	41.062654
98.290963	-9.695730
-15.195166	-95.208594
-11.056856	40.372936
-34.244819	76.683859
4.446547	-25.821711
-98.120060	20.078127
25.553148	37.070833
94.396802	19.754631
-67.198706	82.818079
-4.300058	-22.849208
-54.197821	-19.193091
-87.023530	-75.255593
5.105747	95.452742
94.903409	-9.158605
2.865688	19.113742
57.841731	45.957823
-31.363872	39.811396
-92.248299	-37.864315
16.440321	-75.066378
-85.937071	-83.593249
-40.543840	-97.778253
91.674551	69.591357
-1.474044	19.278542
47.514267	51.774651
-9.286782	-37.205115
47.740104	-14.291818
-95.776238	-81.121250
-38.114566	79.277932
-34.104434	-44.438002
40.250862	-81.597339
-92.498550	-91.131321
-19.290750	91.595202
17.148350	53.648488
41.239662	77.349162
1.986755	-59.593493
54.399243	25.742363
-31.479843	79.424421
-99.987793	-34.604938
-73.265786	53.355510
92.291025	67.046113
-75.725578	-60.350352
37.675100	95.031587
17.014069	23.923460
19.644765	77.959532
-17.862484	85.656301
66.673788	-70.311594
-19.901120	37.333293
-40.293588	52.037111
71.617786	-1.535081
-64.702292	50.267037
-3.964354	-14.523759
-59.276101	-7.174902
-82.757042	98.992889
-2.737510	-53.575243
-56.572161	-10.452589
-72.020631	17.752617
-73.107089	83.153783
6.186102	33.079012
-49.766533	-52.256844
-19.168676	87.041841
5.050813	82.061220
35.154271	91.753899
69.524216	-92.120121
-65.276040	-42.381054
91.064180	47.160253
-78.765221	-62.999359
80.266732	65.068514
8.236946	-37.961974
22.464675	-39.616077
35.038301	-92.162847
13.113804	-15.646840
-64.885403	12.350841
-76.763207	69.328898
-24.808496	-15.903195
1.205481	48.405408
21.286660	29.038362
-82.903531	-52.629170
-12.063967	-72.130497
55.906858	-69.872127
-73.094882	-5.087436
-34.226508	-21.121860
-88.396863	49.919126
-32.389294	90.368358
-26.602985	34.018983
32.279427	69.328898
46.195868	1.052889
-68.462172	-99.493393
-24.552141	-84.459975
-30.796228	-19.553209
-52.134770	-11.447493
98.492386	-9.799493
-1.919614	-17.282632
-67.986084	90.435499
-51.499985	17.593921
50.627155	19.943846
38.651692	-93.267617
-82.714316	-20.963164
0.198370	-42.393262
2.279733	78.801843
33.909116	65.648366
26.029237	37.772759
44.853053	33.726005
-74.291208	-92.986847
-7.992798	-51.738029
51.957762	-94.958342
-91.363262	-56.816309
1.895199	-56.303598
49.546800	-16.922514
-5.240028	-73.680837
-78.417310	-3.292947
-3.689688	-0.546281
53.593554	-7.840205
98.382519	39.268166
62.065493	84.923856
-40.299692	-45.945616
68.730735	70.061342
14.322336	83.941160
26.364940	69.786676
53.880428	79.119236
9.060945	87.719352
89.904477	-62.108219
23.178808	0.967437
-97.503586	-14.304025
-4.733421	21.390423
-18.442335	76.378674
93.176061	-42.747276
66.832484	-2.987762
36.631367	-93.493454
-6.906339	-42.515336
-46.494949	-87.029633
46.562090	-53.935362
38.059633	16.641743
-61.009552	32.285531
-32.657857	29.392376
5.539109	-1.705985
-67.888424	67.357402
-67.302469	-19.986572
38.407544	-28.879666
22.605060	99.261452
-63.933226	45.152135
99.877926	-31.803339
30.509354	47.526475
67.326884	47.251808
-66.100040	61.357463
16.702780	-62.175359
-87.932981	-20.889920
-99.200415	-8.993805
-16.647847	31.028169
73.149815	-86.474197
25.650807	88.964507
-98.547319	-47.691275
-52.055422	-23.129978
-38.743248	-61.320841
82.506790	-80.864895
15.781121	-26.316111
54.033021	-41.868343
88.445692	35.605945
82.073428	72.063356
34.159368	91.039766
-27.201147	24.521622
-84.258553	-9.292886
-43.449202	76.940214
-8.383435	-68.688009
27.317118	-4.898221
21.121860	-35.367901
-59.599597	81.170080
93.621632	-64.854884
-75.426496	62.205878
87.731559	-72.576067
64.891507	-33.262123
-33.158361	4.538102
12.491226	20.340587
17.221595	-81.298257
-22.397534	91.656240
34.965056	-24.509415
61.967833	-79.924924
-31.998657	-67.235328
87.011322	56.309702
19.443342	-84.337901
-26.090274	-53.001495
-81.493576	28.806421
31.955931	94.915616
-34.714805	47.056490
11.258278	-74.437696
-44.468520	66.026795
76.238289	91.906491
-8.145390	93.627735
-43.980224	48.026978
87.438581	63.823359
28.086184	23.343608
-31.382183	53.971984
-8.700827	28.354747
-17.496261	-13.095492
84.728538	23.325297
-84.038820	-1.004059
-91.668447	81.115146
32.169561	-44.486831
1.925718	75.371563
-69.042024	94.524979
38.523515	-74.608600
-60.686056	80.504776
-11.532945	-71.141697
38.126774	48.997467
-89.550462	13.711966
31.559191	-76.458022
-74.248482	40.421766
-34.751427	-13.888974
31.937620	-14.090396
99.548326	-17.715995
-87.731559	-59.660634
44.132817	-57.518235
-2.957244	-51.939451
-39.817499	0.466933
-66.838588	23.953978
36.387219	-9.701834
-81.872005	-23.612171
-55.015717	-96.881008
54.765465	-31.913205
84.228034	-15.042573
-17.130039	46.153142
-86.693930	-43.284402
-55.906858	-27.567370
-13.773003	-62.230293
-63.731803	-14.426099
-9.353923	-45.713675
-86.577960	25.962096
-1.876888	13.565477
87.749870	54.741050
31.913205	25.632496
89.794610	-1.663259
-41.422773	-46.629231
43.107395	-50.505081
9.714042	72.429579
-90.459914	-43.687246
-60.032960	-77.922910
-38.407544	30.356761
-72.344127	28.427992
-62.150945	-94.842372
24.185919	-18.924528
-62.053285	-23.575549
58.598590	-55.424665
13.248085	-44.962920
3.384503	-14.084292
-90.606403	64.287240
-92.065188	99.218726
-82.830287	-87.578967
5.777154	-91.009247
87.713248	71.916868
-98.101749	-66.820276
-31.516465	96.520890
46.421705	-12.851344
-83.782464	7.583850
0.820948	10.007019
-56.999420	-19.345683
-96.996979	94.390698
-48.142949	63.774529
37.430952	1.052889
-81.969665	58.677938
-83.397931	-60.521256
72.197638	-3.927732
-19.895016	95.690786
41.904965	-63.609729
-82.512894	88.653218
7.461776	-72.911771
-78.801843	36.417737
28.501236	47.935423
75.896481	13.241981
-2.438429	-24.655904
-9.720145	-20.950957
-23.215430	-2.804651
77.806940	-37.668996
-25.858333	-90.801721
-7.571642	-22.135075
-84.673605	-75.774407
25.717948	60.423597
67.607654	25.748466
-28.476821	95.764031
71.861934	96.649068
64.470351	30.094302
39.127781	54.722739
98.529008	-60.600604
67.784661	-73.973815
-68.047121	-60.350352
37.711722	87.401959
84.746849	19.388409
37.693411	9.335612
34.958953	-24.228645
82.201605	-69.475387
-79.882199	-64.592425
73.943297	-4.696799
49.925230	41.184729
68.327891	85.192419
-63.469344	-13.608203
-3.848384	75.865963
48.710593	-22.684408
-99.273659	-49.247719
-3.964354	5.661184
45.738090	-97.466964
-50.590533	11.935789
-50.010681	53.758354
4.190191	21.115757
-94.549394	-72.148808
92.107913	31.833857
34.665975	-98.187201
-51.701407	-59.666738
43.913083	-28.257088
-60.350352	80.449843
-71.691031	62.529374
60.722678	60.795923
-14.871670	12.949004
-96.526994	80.559709
-8.468886	67.387921
-92.864772	4.983673
-96.954253	5.441450
94.335765	-18.094424
-71.019623	-59.318827
-0.167852	80.565813
-58.946501	-80.199591
-1.889096	-66.124454
71.434675	-46.598712
-64.012574	65.550707
56.541643	9.665212
76.598407	83.141575
-17.227699	2.157659
60.942412	18.436232
-9.585864	-96.923734
93.261513	-3.683584
-7.950072	13.071078
56.486709	-86.620685
-38.364818	-81.041902
-35.966063	-92.382580
50.523392	-29.325236
54.155095	-99.676504
86.736656	8.468886
-66.893521	-8.468886
-86.352123	-28.147221
73.479415	-9.799493
-75.621815	-78.594317
73.699149	60.448012
48.161260	-95.294046
-14.712973	-34.971160
-55.137791	-2.334666
-86.187323	87.334819
64.061403	-47.508164
-0.003052	-86.870937
-75.328837	-16.415906
-12.918485	-46.623127
71.684927	-77.501755
80.864895	-10.757775
65.984069	73.393963
-91.528062	20.664083
-36.295663	-0.009156
82.293161	-0.314341
41.227454	-24.411756
-24.857326	-70.201727
22.177801	-72.936186
13.107700	12.533952
-37.406537	4.373302
92.150639	22.605060
50.572222	6.607257
24.820704	-7.235939
76.592303	-3.964354
23.282571	-10.257271
30.796228	-68.828394
-75.066378	62.395093
-16.464736	50.364696
-33.164464	-56.614887
-94.763024	36.887722
15.225684	-14.340648
-17.874691	97.051912
56.370739	-85.125278
83.782464	-17.636647
54.991302	79.168065
-61.040071	87.121189
-13.492233	-22.629475
75.859859	52.616962
-50.633259	-52.952666
83.050020	9.286782
-36.289560	-6.485183
47.447127	87.945189
-37.406537	41.117588
-74.633015	-68.578143
-17.929624	-11.929685
-96.856594	37.864315
56.303598	46.018860
-96.618549	66.905728
24.069948	-54.393139
93.182165	-60.014649
-47.215186	89.391766
-49.424726	66.069521
-13.608203	33.133946
-54.576250	-76.042970
-76.702170	-22.983489
-9.012116	-67.424543
-69.328898	47.758415
-77.544481	40.330210
-98.693808	53.013703
-41.270180	-35.135960
59.300516	89.349040
3.573717	-85.509812
-79.186377	84.917753
-57.457198	-77.501755
16.190069	58.183538
-8.175909	25.571459
79.601428	-26.090274
55.308695	17.636647
-87.438581	-22.367016
-53.947569	10.330515
27.518540	89.947203
28.568377	-68.620869
77.739799	-58.232368
-62.089908	-7.913450
-20.200201	31.900998
-67.900632	55.229347
-65.099033	88.067263
-66.093936	-65.404218
55.290384	12.747581
18.405713	-42.558061
1.907407	-4.971465
2.426222	20.999786
-60.240486	69.695120
92.254402	74.492630
17.014069	-95.141453
45.756401	57.689138
74.193548	99.353008
5.221717	27.426984
-10.281686	-28.885769
57.145909	-96.783349
-31.968139	-82.116153
75.218970	-36.698508
-23.490097	-68.639180
-97.204505	-77.752007
37.504196	-53.831599
31.022065	-78.417310
-18.338572	4.824976
28.934599	64.415418
-31.131932	-80.040895
81.786554	25.547044
-17.001862	15.060884
93.804743	-31.778924
6.717124	25.016022
-88.384655	98.693808
82.683798	-62.401196
-75.273904	90.002136
-32.767724	57.298502
-0.930815	-93.871883
-17.001862	72.600482
0.125126	57.780694
-23.496200	8.084353
61.680960	21.030305
-12.845241	42.509232
56.553850	50.187689
-66.222114	74.163030
25.516526	-84.032716
-74.987030	14.737388
20.706809	0.375378
99.761956	92.962432
-80.315561	79.406110
3.933836	-50.724815
66.496780	24.930570
9.872738	2.719199
95.892209	-42.997528
-15.506455	71.391949
-2.957244	77.745903
-87.432478	-72.368542
-27.054659	-81.872005
81.316568	-30.741295
-48.265023	28.959014
-67.424543	88.018433
-93.700980	47.184668
-11.172826	-83.385723
38.236641	-31.144139
-40.775781	-64.537492
-17.404706	-39.957884
32.047487	20.450453
89.532151	-63.231300
59.672842	-87.005219
-60.832545	45.469527
42.368847	-6.387524
-54.057436	74.974822
17.227699	40.226447
8.603168	-68.511002
-41.666921	-47.502060
62.199774	7.620472
-5.380413	-76.512955
88.256478	-23.160497
-48.576312	39.713736
39.414655	44.608905
-77.727592	-8.944975
34.769738	-12.662130
76.836451	71.691031
82.152776	10.531938
11.600085	-46.781823
83.635975	-42.698447
49.259926	11.386456
-19.541002	98.547319
-6.735435	87.505722
-6.289865	35.966063
-56.346324	65.929136
16.885891	-50.706503
80.492569	-51.207007
-83.269753	-81.139561
21.073031	9.256264
-1.504563	-45.176550
57.310709	-95.501572
-8.120975	64.268929
79.363384	-70.220038
13.956114	-12.527848
91.875973	94.720298
65.282144	-65.446944
-70.970794	3.073214
-84.508805	-46.232490
74.718467	17.374187
-65.440840	62.657552
-6.033509	89.465011
-73.998230	-26.621296
82.042909	-61.613819
-81.646168	-56.578265
37.260048	-43.259987
-28.983428	-17.044588
-36.008789	-73.174230
-49.143956	-49.943541
11.941893	-72.197638
-64.244514	-34.897916
57.969909	-84.917753
1.345866	75.524155
36.820582	-46.702475
47.190771	2.230903
26.865444	-16.019166
18.704794	98.919645
97.210608	-90.710166
-18.985565	-44.505142
22.360912	72.985015
0.979644	-23.068941
70.738853	-80.083621
93.731498	-31.302835
-26.767785	-84.679708
-10.129093	60.197760
78.142644	-94.952239
-20.352794	-2.816858
-1.394696	-1.846370
-9.695730	-65.263833
-41.001617	-47.074801
-47.074801	-38.254952
-53.764458	-52.269051
14.944914	88.360240
72.563860	-82.158879
54.618976	-72.460097
55.809198	-60.454115
53.715629	2.047792
23.520615	42.783898
-15.341655	-91.998047
-52.812281	-66.508988
-31.656850	66.399121
-87.237159	7.077242
-41.050447	93.725394
-66.246529	-65.984069
-88.097781	-77.013459
-86.809900	-0.918607
91.363262	-93.621632
60.625019	75.273904
73.326823	30.820643
-29.520554	13.803522
-99.237037	77.648244
67.967772	-68.706320
-53.074740	57.701346
28.855251	-24.430067
-56.932279	-46.940519
79.271828	51.133763
-73.046052	96.655171
-18.112735	85.699026
-31.754509	20.981475
14.639729	-80.993072
27.134007	-92.675558
-51.719718	-4.873806
2.383496	66.472365
-70.940275	-60.496841
-74.858852	-17.581713
72.643208	2.096622
-45.335246	-49.809259
75.688955	47.685171
-67.784661	39.048433
51.237526	74.779504
-50.523392	12.320322
94.134342	-55.754265
87.627796	-64.824366
-17.178869	98.968474
-16.629536	-98.529008
-76.281014	-44.279305
-21.787164	11.038545
-55.601672	-49.314859
-92.876980	28.580584
41.825617	-80.419324
82.958464	55.497909
91.985839	-6.088443
-67.223121	45.811335
27.066866	94.433424
42.466506	97.503586
86.425367	3.158666
65.660573	-49.516282
47.679067	95.135350
53.526414	22.464675
44.132817	-88.818018
61.400189	13.950011
74.736778	52.995392
-11.355937	13.663137
12.912381	-18.369091
-92.010254	-64.470351
20.444349	0.900296
40.556047	18.668172
-27.292703	6.674398
32.810450	21.396527
1.449629	83.495590
91.766106	40.739158
-38.584552	-70.305490
34.623249	-11.508530
-72.930082	-7.699820
9.085360	55.229347
-74.376659	92.919706
-59.343242	-6.570635
12.637715	25.907163
63.158055	-49.015778
96.447645	-89.928892
-11.380352	86.400952
17.715995	-24.887844
72.991119	96.783349
90.252388	-35.929441
-66.301462	90.081484
9.427168	33.091220
75.487533	-67.332987
-65.538499	-70.366527
80.639058	-96.453749
50.724815	-69.475387
-80.028687	-13.541063
18.381298	-79.039888
40.739158	31.162450
13.657033	95.800653
-12.259285	-84.942167
-31.113620	64.391003
13.907285	-63.499863
-82.341990	40.116581
36.564226	-29.068880
51.292459	96.038697
-4.330576	21.243934
-7.144383	-32.322153
-29.764702	93.462935
95.080416	-15.524766
-90.777306	29.093295
68.291269	10.843226
-66.887417	25.382244
-55.302591	-21.616260
62.462233	74.669637
85.265664	90.270699
-70.372631	54.173406
35.355693	79.192480
-70.018616	97.418134
-64.433729	0.064089
-31.180761	-21.512497
93.780328	-61.259804
60.167241	-59.477523
24.820704	-82.024598
-66.118351	99.530015
-36.002686	-18.045595
-92.852565	54.832606
-39.323099	-59.477523
-23.313089	37.473678
-41.850032	-45.518357
-12.094485	27.695547
-33.829768	43.137913
37.308878	-27.134007
-67.766350	95.355083
-35.740226	-63.042085
17.978454	65.361492
88.561663	-86.956389
86.901456	-65.373699
49.894711	-70.189520
-90.331736	-79.052095
-94.470046	-16.464736
93.237098	-83.922849
-57.573168	26.700644
40.043336	33.091220
-39.890744	-55.546739
-56.450087	44.822535
80.413221	-49.736015
-73.638112	-5.490280
40.513321	-68.077639
-72.856838	-40.012818
25.363933	-20.792261
42.655721	52.647481
-4.171880	24.460585
-68.907743	32.370983
-31.186865	27.231666
-16.995758	19.803461
5.545213	34.409619
66.039003	87.078463
-35.666982	-53.093051
-50.206000	8.322398
-25.943785	-75.682852
16.965239	-48.796045
84.551531	58.635212
-32.950835	-9.286782
50.236518	48.393200
-81.035798	26.474807
-96.807764	-95.513779
18.649861	-15.176855
71.935179	18.832972
-41.953795	86.907559
-97.875912	27.170629
-88.341929	64.006470
-64.470351	-2.700888
96.911527	-98.553423
3.378399	-26.102481
64.598529	-7.760857
90.453810	11.288797
-74.303415	81.688894
26.151311	-74.694052
20.706809	84.337901
-41.294595	95.562609
37.821589	-45.579394
68.895535	-50.639363
86.236152	91.051973
79.418317	58.519242
-69.292276	59.410382
16.293832	80.272835
93.749809	-90.740684
-21.640675	73.632008
31.601917	71.947386
-28.672140	22.367016
90.356151	-82.879116
-37.528611	95.843379
48.326060	-49.430830
12.302011	79.052095
-48.948637	-65.782647
39.414655	-97.027497
45.097201	-90.295114
74.852748	-93.346965
-83.050020	6.723228
-37.919248	-37.882626
43.259987	17.319254
-40.995514	93.408002
58.598590	17.545091
-1.864681	-78.936125
-52.891629	17.551195
61.204871	-36.741234
64.226203	-78.502762
24.539933	-75.292215
-5.343791	-21.573534
31.327250	4.867702
-46.946623	5.453658
-52.903836	-43.583483
-66.594440	-35.551012
-45.286416	-74.553667
-86.425367	-26.511429
44.975127	4.489273
-78.862880	-65.691092
59.233375	-70.287179
66.814173	57.060457
40.220344	53.532517
-48.307749	63.518174
-52.726829	23.776971
-45.390179	-49.864193
92.333750	-99.139378
5.758843	92.046876
-47.196875	-55.980102
-47.056490	-30.631428
-82.262642	-2.066103
-73.363445	97.015290
23.374126	-88.952300
10.147404	39.255959
34.391308	-83.269753
21.042512	90.331736
-72.826319	8.590960
-89.764092	-97.729423
-68.773461	41.178625
-15.146336	41.337321
-14.944914	-12.637715
61.186560	-45.939512
-37.241737	83.538316
-46.055483	-75.505844
-72.435682	94.024476
8.182012	-96.441542
-31.424909	25.821711
79.918821	-7.980590
76.970733	-74.956511
71.941282	58.165227
17.880795	86.211737
30.899991	71.538438
54.283273	-94.341868
-88.036744	33.903012
79.021577	-89.568773
17.343669	88.750877
11.319315	-6.283761
14.841151	90.557573
14.011048	-11.795404
-57.219153	15.079196
-12.302011	8.627583
-92.510758	91.863765
98.101749	94.610431
79.619739	40.336314
-7.101657	-14.749596
95.501572	90.624714
64.250618	-43.491928
69.914853	-29.624317
13.266396	-47.196875
-73.650319	-61.101108
72.704245	-56.041139
51.164281	49.748222
-55.925169	-61.217078
-22.257149	-76.860866
5.508591	-13.394574
-92.925810	9.347819
46.525468	-2.151555
-29.154332	24.362926
86.040834	-84.905545
43.363750	-60.917997
-70.201727	65.733818
8.597064	3.280740
23.538926	27.494125
88.512833	-14.468825
58.079775	38.169500
-61.021760	-89.519944
82.647176	80.669576
-80.443739	74.590289
-17.404706	74.767296
43.302713	21.591845
77.916807	-93.298135
12.900174	59.117405
98.626667	-72.057253
49.467452	-2.603229
93.383587	54.325999
-79.961547	91.637928
-72.435682	96.826075
70.274972	69.035920
-72.954497	55.272073
68.388928	21.927549
-76.073489	6.131169
66.704306	48.124638
60.454115	-84.270760
87.047945	19.748527
7.394635	10.110782
36.167486	-38.065737
-46.836756	32.743309
57.567064	22.440260
19.833979	21.433149
-74.187445	-86.443678
62.370678	-64.421522
89.770196	7.602161
-92.663350	-34.910123
70.812098	-32.969146
-12.668233	52.183599
22.482986	90.752892
27.268288	57.329020
-42.387158	57.518235
-61.015656	-99.438459
49.363689	47.984252
-19.754631	-90.496536
-87.749870	-73.552660
-65.569018	-94.817957
69.640187	63.621937
-32.773827	57.060457
-86.382641	81.688894
-83.520005	38.401440
-36.075930	-97.149571
71.520127	-86.645100
-68.260750	-17.313150
-1.815851	86.846522
-5.014191	-90.569781
65.800958	-51.359600
-8.938871	50.645466
32.358776	-57.170324
-66.484573	28.287606
-55.839717	93.914609
-41.276284	-96.349986
-93.871883	-79.229102
-91.076388	53.221229
-20.859401	-30.161443
57.860042	16.861476
-39.542833	98.590045
-14.859462	99.517808
-96.264534	-59.306619
-94.152654	7.632679
-65.349284	84.105960
61.333048	-98.352000
18.485061	-6.790368
77.636036	-54.295480
35.935545	6.448561
97.759941	-64.098025
23.410749	40.513321
-6.021302	88.323618
-66.057314	-67.522202
66.508988	-31.962035
-24.857326	51.042207
-65.269936	40.427870
80.285043	-91.827143
27.286599	25.955992
-31.101413	2.426222
-22.837001	-60.216071
-46.958831	25.058748
-71.788690	-2.664266
-54.484695	60.417493
59.190649	67.168188
26.322214	-88.421278
-68.407239	52.323984
23.514512	-17.233802
-32.328257	81.487472
64.799951	49.528489
64.683981	91.143529
-43.925291	-51.835688
51.731925	79.967650
-56.804102	-84.545427
-4.501480	16.788232
-86.864834	10.122990
60.972930	83.288064
-9.103671	-52.928251
-66.423536	32.676168
-11.630604	-24.106571
-91.192358	-54.258858
61.387982	-65.355388
55.772576	-34.714805
31.235694	-89.642018
-39.274270	90.423292
-73.149815	37.406537
57.023835	11.825922
4.013184	64.970855
47.569201	69.322794
-2.316355	24.973296
26.145207	-87.115085
63.847774	31.608020
3.805658	-51.469466
-32.987457	-56.254769
46.604816	-49.900815
-30.271310	-78.472243
-69.151891	-81.603442
-19.766839	8.310190
-77.709281	-31.205176
14.590899	-30.747398
-14.712973	-71.355327
-70.458083	-82.164983
28.342540	25.656911
82.293161	-38.529618
92.211676	-51.426740
73.485519	-2.481155
86.858730	61.369671
29.667043	90.954314
-16.550188	52.183599
-18.558306	-35.068819
67.729728	-1.712088
-6.436354	35.459456
-39.097262	-71.660512
3.225806	-78.514969
14.413892	63.097018
22.855312	61.638234
-15.225684	15.945921
63.542589	-31.199072
-5.294961	-65.562914
35.483871	-46.073794
86.883145	64.073611
-18.424024	50.126652
-23.490097	-84.398938
-99.505600	-31.516465
-91.064180	-82.866909
-84.514908	16.733299
28.653829	-67.827387
45.072787	12.063967
-34.189886	-74.968719
-68.028809	-80.657369
46.635334	-45.329142
-13.467818	45.957823
33.835871	-21.665090
-99.230934	-75.475326
3.421125	46.226386
-10.580767	-85.155797
64.055300	-31.608020
-85.802789	56.089969
-74.773400	35.215308
47.477645	0.766015
20.548112	72.539445
31.693472	-38.499100
-7.693716	12.936796
-9.292886	-98.016297
43.681143	64.201788
-50.657674	-96.704001
-35.300760	56.279183
-82.592242	-63.097018
-61.619922	48.100223
-5.600146	-24.509415
-66.942351	-24.680319
-48.814356	72.985015
-12.552263	20.383312
44.840846	-55.052339
-5.600146	86.065249
-77.007355	80.626850
89.825129	53.788873
-26.139103	-82.158879
52.885525	8.011109
-21.817682	-87.902463
23.844111	-92.217780
19.443342	31.022065
-54.374828	86.901456
-91.515854	-94.561602
35.569323	63.756218
78.868984	-31.577502
93.438520	42.295602
9.109775	13.357952
-47.965941	-14.871670
-71.764275	-97.497482
76.641133	40.269173
60.704367	57.139805
19.534898	2.548296
-32.963042	60.612812
-64.177374	-8.920560
36.448256	5.551317
66.905728	24.021119
87.633900	-83.587146
-2.346873	71.788690
-65.959655	78.759117
-6.186102	70.091861
69.829402	6.302072
25.614185	73.937193
-67.235328	77.227088
-15.970336	33.964049
-99.627674	-29.215369
95.831172	-23.795282
75.487533	-64.384899
43.723869	66.704306
17.520676	20.914335
-2.182073	-57.933287
75.707266	-98.290963
64.708396	-12.643818
80.529191	29.660939
-39.713736	-57.567064
49.589526	-59.703360
12.765893	-81.890316
64.220099	48.362682
-98.095645	3.317362
-27.011933	-37.907041
40.916166	-55.522324
78.490555	48.094119
7.095553	78.496658
63.487655	77.648244
-72.338023	0.418104
-87.145604	86.095767
26.804407	-52.836695
87.420270	76.232185
40.342418	-21.494186
-94.018372	97.161779
-95.721305	-63.420515
-8.102664	-70.232246
23.337504	65.111240
-59.794916	-89.934996
-74.120304	69.737846
61.864071	-78.270821
11.398663	-99.493393
-38.932463	88.958403
-3.183081	38.004700
2.102725	1.040681
-32.096316	-35.917234
21.854305	-0.241096
41.966002	-1.205481
-55.717643	-39.017914
-51.835688	-15.561388
53.117466	-98.413038
-68.364513	-1.779229
-21.024201	43.107395
87.688833	-25.394452
-42.783898	63.158055
-67.656484	18.747520
12.710959	-33.866390
-84.545427	92.150639
27.848140	-95.825068
82.622761	51.841792
-50.028993	-20.133061
-7.785272	-75.652333
94.555498	-38.230537
93.755913	-4.354991
0.259407	-55.900754
73.766289	-1.632740
-7.712027	81.865902
-24.399548	-22.397534
-89.892270	32.511368
-0.778222	-83.629872
-44.071780	35.612049
-12.631611	-97.839290
-79.882199	61.571093
-95.696890	-84.276864
-60.191656	-39.207129
-86.626789	23.392438
46.989349	44.462416
-40.366832	54.124577
62.254707	28.220466
63.847774	-57.359539
90.557573	-30.021058
33.988464	19.748527
-24.893948	-66.863002
0.680563	31.223487
-34.202094	6.430250
82.598346	-33.561205
-41.740165	11.648915
-11.734367	78.044984
-40.092166	-69.457076
60.429701	-26.163518
-60.802026	-17.905210
-30.784021	-37.736137
-85.705130	-18.613239
-39.555040	-67.448958
37.510300	-88.531144
65.184484	-49.027985
-68.388928	-60.753197
-23.068941	54.301584
34.434034	6.845302
2.627644	21.817682
7.821894	29.569384
-6.271554	7.077242
-32.615131	31.760613
63.603626	10.684530
-10.831019	51.829585
-2.468947	75.322733
49.491867	-52.385022
-38.480789	-15.671255
54.289377	-66.533403
16.183966	-54.966887
-85.888241	-19.882809
41.966002	38.065737
-78.844569	-91.210669
-18.057802	-86.022523
-15.616321	-89.361248
8.444472	-81.615650
-20.810572	-77.141636
-80.236213	-73.186438
-32.267220	-7.333598
-26.816614	70.653401
-53.770562	60.417493
60.594501	35.258034
75.438704	93.163854
32.914212	-88.293100
50.602741	-0.222785
79.631947	83.227027
-32.883694	59.025849
-30.375072	-72.399060
-61.876278	91.747795
59.617908	17.007965
20.310068	-91.558580
76.384777	-3.830073
-95.831172	63.518174
-20.877712	20.432142
-75.029756	47.343364
-91.912595	-65.257729
50.663778	-52.421644
-74.169134	74.993133
3.006073	-89.239174
-42.728965	72.777490
-31.870479	35.636464
34.812464	-54.985199
52.824488	29.288614
54.850917	49.522385
-57.267983	57.493820
-48.210089	-12.155522
-81.163976	-79.583117
95.941038	36.667989
88.293100	-15.030366
21.457564	-11.056856
-13.974425	5.026399
90.624714	-13.974425
3.305155	60.820338
0.723289	22.104556
-0.552385	-51.286355
-60.283212	-97.863704
-46.977142	52.616962
97.021393	-65.434736
8.774071	28.257088
-64.421522	-60.008545
-23.569445	-68.333995
-68.431654	57.200842
37.815485	-77.019562
-12.125004	-72.380749
-81.694998	-23.068941
27.671133	-60.368664
79.076510	-68.810083
-25.650807	-86.205634
-13.760796	-96.099734
23.978393	-89.562670
13.241981	11.557360
16.635640	-59.324931
32.670064	18.539995
12.784204	62.273019
53.770562	49.546800
81.011383	41.459395
-38.071841	-3.842280
3.299051	62.034974
-83.642079	-51.200903
-95.818964	63.023774
62.242500	85.338908
-90.069277	-13.980529
-86.474197	-52.433851
44.090091	-86.382641
62.785730	-63.164159
65.581225	-19.919431
-25.870540	-39.915159
55.650502	35.502182
-84.289071	57.481613
59.892575	-55.217139
-12.143315	-56.999420
-8.426160	-97.412030
-96.832179	89.098788
-97.430342	45.567186
74.834437	86.791589
28.122806	-56.883450
69.359416	-87.609485
-88.360240	47.886593
-19.919431	32.132939
15.903195	87.304300
-22.470779	-24.124882
-73.265786	77.373577
-6.912442	-88.671529
-44.364757	-60.014649
-7.962279	49.766533
47.373882	5.008087
-7.657094	14.731285
-1.040681	-21.671194
85.375530	4.873806
96.234016	57.261879
14.841151	82.122257
-25.809503	-25.601978
-29.819636	16.544084
7.461776	51.249733
-49.363689	19.113742
37.101352	42.893765
-43.699454	-6.460768
-60.075686	54.893643
-37.638478	38.590655
46.726890	-86.248360
-67.204810	31.955931
-84.496597	72.087771
29.770806	27.085177
66.118351	29.850154
74.993133	94.116031
-17.618336	-47.178564
19.254128	-63.805048
-11.862545	69.615772
76.482437	-87.517930
-96.704001	-71.611682
78.386792	-1.010163
86.254463	94.701987
-93.816950	-81.420331
-31.131932	-28.513443
-44.560076	-28.598895
90.289010	-77.336955
90.386670	-3.115940
-64.171270	-18.576617
43.943602	-1.333659
-12.778100	-75.414289
-80.285043	63.713492
90.362255	-5.777154
-47.825556	-93.310343
-53.025910	47.752312
-18.741417	71.166112
36.313974	17.831965
-2.261422	-81.511887
-26.828822	63.292337
15.506455	36.014893
8.529923	92.248299
27.048555	-4.434339
78.960540	38.847011
98.431349	93.615528
-88.866848	-25.333415
-40.098270	4.330576
-12.277596	36.222419
-51.481674	-23.209326
80.767235	49.668874
58.977020	-92.474136
-41.056551	34.061708
-41.203040	-80.224006
-25.095370	64.354381
-75.627918	-19.406720
-61.076693	75.457015
-46.159246	-12.906278
-14.859462	88.500626
13.180944	53.111362
36.606952	40.659810
71.837519	27.475814
-24.564348	99.725333
83.953368	-24.814600
-75.695059	44.688253
-28.397473	52.751244
-54.557939	-6.375317
-33.750420	-91.143529
-36.448256	60.032960
-35.392315	41.776788
18.741417	18.979461
55.223243	44.529557
55.827509	-35.734123
72.026734	-30.668050
-43.839839	37.839900
-68.926054	-57.664724
18.362987	12.723167
6.747642	60.032960
-5.966369	10.733360
-96.368297	98.577837
84.911649	-63.835566
80.413221	67.210913
7.492294	-93.194372
81.878109	-62.889492
-68.449965	63.414411
35.459456	-23.148289
-1.266518	38.981292
-31.553087	25.778985
27.439192	69.023713
2.139348	-63.512070
-89.684744	24.100467
-20.792261	-82.226020
-89.403974	-54.081851
-19.455550	9.115879
-36.545915	-31.894894
87.762078	18.106632
-11.270486	3.085421
47.660756	-47.935423
-78.753014	76.177252
-5.038606	74.944304
64.940336	88.201544
89.373455	20.957060
77.031770	87.890255
23.483993	96.063112
-11.429182	35.276345
57.512131	-1.419111
-32.419813	-62.627033
-62.675863	90.234077
30.954924	-62.645344
-48.118534	48.789941
11.478011	38.486892
86.370434	33.640553
-13.803522	44.132817
-72.698141	-4.550310
72.319712	-5.056917
75.859859	61.278115
-3.024384	84.630879
-74.394971	26.291696
-52.964873	-64.531388
-39.011811	83.361309
-94.708090	14.841151
32.724998	21.854305
-20.828883	74.004334
-33.585620	26.737266
-71.709342	-9.598071
-39.353618	-90.618610
-2.859584	94.787439
-69.243446	-98.736534
59.007538	-35.770745
54.539628	41.740165
-22.458571	-37.430952
76.189459	91.277810
-7.846309	-90.801721
24.692526	1.290933
33.426923	-42.240669
-97.100742	71.910764
-25.077059	65.776543
3.598132	28.824732
-72.447890	-63.444929
8.700827	-49.424726
-17.252113	14.682455
-72.014527	77.471236
-89.275796	16.135136
33.487960	33.353679
20.096438	-25.431074
45.829646	91.582995
85.021516	84.777367
-71.196631	16.354869
-53.770562	-75.347148
-51.622059	-89.342936
92.095706	-62.974944
-47.605823	2.182073
26.023133	-47.624134
-72.777490	-1.742607
-73.540452	33.896908
-12.320322	-58.696249
5.697806	26.065859
56.291391	-4.135258
73.772393	87.951292
-11.655019	98.492386
-86.346019	-7.419050
-1.126133	-98.150578
-25.907163	73.516037
-52.171392	-55.827509
-13.791314	-0.009156
-60.301523	75.353252
10.202338	61.803034
-6.118961	70.903653
-81.603442	-54.789880
41.935484	65.153966
20.853298	81.096835
8.084353	-65.294351
39.768670	-53.337199
29.197058	63.646352
-60.948515	1.876888
-29.618213	21.543016
15.121921	41.941588
92.638936	-14.310129
-44.639424	47.007660
28.617206	38.663900
70.342112	-89.556566
-77.080599	-27.451399
6.161687	-73.143712
93.047884	-68.944365
-56.871242	21.079134
67.296365	-79.222999
-13.046663	-0.503555
-44.096194	-77.178259
-41.166417	4.849391
11.606189	36.130863
90.606403	55.815302
-64.098025	-16.391491
31.192969	52.580340
-12.686544	12.479019
70.665609	-70.293283
47.776727	-80.022584
-11.880856	-62.480544
-96.453749	35.715812
29.630421	-66.783654
96.807764	91.875973
22.519608	63.042085
4.147465	12.637715
-67.766350	-83.318583
98.376415	-46.055483
68.022706	-64.751122
49.650563	24.893948
43.711661	-46.086001
22.452467	22.043519
99.798578	60.686056
24.362926	7.852412
93.102817	52.342296
63.170263	64.543596
-39.689322	68.962676
-31.638539	54.533525
-38.486892	88.164922
33.341472	-81.182287
-89.867855	60.399182
-65.428632	-55.504013
95.416120	-33.500168
83.977783	-67.387921
-96.295053	-21.280557
70.732749	97.759941
44.907987	6.582842
-51.176489	30.442213
-9.872738	8.688620
26.487014	-46.299631
-72.985015	-48.136845
-86.089663	5.020295
38.908048	-1.248207
85.381634	-25.040437
13.968322	5.209510
-87.932981	33.640553
-9.207434	-91.290017
21.890927	76.360363
46.464431	89.031648
-57.554857	19.620350
33.524583	82.396924
83.495590	78.801843
71.977905	-69.542528
15.073092	-41.331217
-97.381512	-54.734947
97.650075	-11.850337
8.011109	-28.513443
20.365001	-69.682913
-92.840358	-72.862941
-96.148564	99.194311
-69.597461	-95.867794
-76.335948	-85.699026
80.559709	9.793390
-89.312418	-75.511948
86.614582	30.613117
84.783471	32.010865
56.346324	99.633778
-22.177801	-51.670888
33.951842	48.448134
-97.503586	12.826930
68.980987	25.357830
23.044527	5.587939
-97.076327	60.679952
-15.860469	85.613575
79.577013	-39.371929
-45.683157	85.674612
-14.511551	10.977508
40.061647	95.043794
26.737266	71.691031
-73.204749	-38.602863
48.319956	-56.163213
-96.795557	43.064669
2.298044	-9.952086
-75.139622	42.930387
-28.891873	89.703055
73.650319	55.265969
-47.874386	-89.867855
69.133580	56.651509
-90.148625	-24.857326
-11.911374	-27.689444
-98.095645	-88.055055
48.533586	-50.907926
-14.889981	-42.002625
14.413892	-33.671072
-92.101810	-91.296121
77.300333	15.842158
95.306253	-12.460707
-28.788110	-17.673269
-67.247536	19.522691
-22.995697	55.424665
54.991302	-10.379345
-27.677236	4.586932
46.263009	-32.963042
-16.379284	-51.774651
58.146916	76.854762
-3.665273	-51.908933
-48.850978	-99.896237
79.522080	60.417493
66.447951	-16.275521
-18.832972	-25.095370
33.866390	41.416669
50.517289	72.832423
-77.452925	-73.198645
43.540757	35.599841
-59.648427	-39.829707
67.900632	34.873501
-11.624500	89.855647
23.569445	35.654775
76.824244	69.750053
-4.538102	43.443098
-91.607410	-65.990173
-45.762505	26.859340
35.569323	-49.662770
21.543016	-53.172399
97.900327	-67.064425
55.980102	23.734245
-54.307688	96.606342
16.031373	73.625904
-43.729972	-67.027802
56.169317	44.907987
-51.042207	90.362255
12.430189	-13.388470
5.301065	-61.699271
33.683279	-20.444349
0.497452	-1.809748
14.859462	61.693167
-47.550890	-78.911710
-11.600085	78.789636
-5.349895	-5.862606
-69.884335	91.784417
79.119236	56.663717
-64.220099	72.051149
15.701773	7.345805
24.674215	-84.270760
-46.067690	-16.360973
-73.662526	-91.448714
-86.297189	-5.288858
-93.261513	72.203742
71.050142	89.117100
-9.787286	-76.348155
5.227821	38.554033
33.274331	78.600421
13.406781	18.802454
6.692709	30.283517
99.151585	69.255654
-57.988220	-65.025788
-58.983123	12.167730
98.748741	-64.671773
47.453230	12.936796
8.529923	52.916044
4.263436	62.633137
-47.471541	-18.930631
20.969268	-35.911130
-71.770379	9.475997
82.152776	-97.308267
61.967833	11.557360
-89.806818	-16.739402
-76.598407	-73.943297
45.603809	14.102603
98.229926	64.024781
51.078829	-80.321665
75.255593	72.350230
-54.240547	62.987152
4.293954	85.314493
75.756096	58.934294
-19.077120	95.184179
-72.771386	-39.957884
14.487136	73.259682
88.372448	-4.379406
-64.464248	72.502823
66.386914	-54.307688
-1.016266	43.107395
-34.147160	-69.005402
39.207129	-7.797479
-65.355388	-99.798578
-66.649373	18.912320
-16.318247	-4.342784
29.099399	56.102176
86.754967	78.887295
93.108921	49.961852
-33.323160	-2.853481
36.442152	8.798486
74.053163	72.215949
-26.810511	52.153081
-35.209204	-7.333598
68.553728	91.595202
-17.209387	-8.993805
-67.436750	74.413282
53.880428	86.706137
15.890988	21.414838
97.375408	76.580096
-36.307871	-9.872738
61.461226	53.679006
-15.927610	-5.319376
88.647114	-64.104129
-12.900174	13.516648
17.538987	-14.365062
-49.101230	-83.739738
-72.795801	1.724296
70.885342	41.038240
-69.634083	-35.148167
-51.585437	53.337199
-78.350169	17.789239
-24.735252	17.831965
87.218848	-38.450270
-30.094302	-85.674612
81.884213	-51.066622
22.104556	-70.921964
80.169073	-43.504135
1.931822	-47.209082
7.358013	-83.709220
89.452803	16.446425
-43.101291	88.702048
-18.607135	96.343883
-99.597156	-42.588580
-68.956572	19.467757
96.465957	28.049562
77.532273	-99.456771
-95.501572	11.435286
20.877712	41.966002
10.049745	-27.030244
98.962371	-72.179327
-32.486953	-70.769372
-77.300333	43.436995
66.808069	73.094882
25.705741	-48.631245
30.039369	-91.399884
-15.414899	-44.511246
-55.430769	76.903592
66.252632	-15.952025
-61.375774	-45.628224
-41.587573	23.227638
5.703909	4.367199
39.530625	-67.705313
84.118168	-36.405530
-55.552843	-28.342540
-2.169866	44.651631
82.006287	75.048067
-35.123753	35.691397
60.844752	-2.890103
79.625843	78.728599
79.662465	-32.377087
75.103000	7.602161
38.175604	-16.379284
-28.373058	27.042451
25.040437	-29.367962
-81.914731	13.943907
-61.021760	-55.644398
31.980346	22.183905
99.316385	3.909421
-55.461287	72.185430
2.285836	88.030641
57.237465	6.521805
79.253517	-74.620808
15.805536	92.773217
13.138218	-89.733573
8.133183	-45.121616
69.304483	-65.013581
-7.797479	-85.692923
-2.859584	-89.941099
60.374767	-77.819147
-41.398358	3.616443
46.263009	-36.295663
39.970092	-68.852809
-19.595935	-83.892331
3.018281	-73.046052
-98.956267	-58.665731
31.931516	-71.581164
26.212348	-5.240028
-67.851802	4.452651
-6.601154	-68.822291
-62.547685	-40.672018
-26.926481	-10.702841
-18.588824	-56.828516
-37.754448	-64.000366
-10.342723	0.302133
64.378796	51.628162
49.021882	-13.248085
61.870174	37.504196
9.878842	-11.856441
87.371441	27.024140
-21.964171	69.261757
-99.829096	-18.546098
52.183599	86.443678
-26.053652	51.799066
-36.588641	-5.850398
-97.997986	-12.118900
-27.109592	-23.044527
-73.546556	-24.021119
84.002197	38.120670
97.405927	-13.785211
-74.846644	-23.935667
68.456069	10.934782
-40.391247	-19.956053
34.873501	75.420392
-21.555223	-23.868526
20.487075	2.035585
-66.991180	-45.103305
19.705802	9.195227
63.090915	11.941893
0.881985	-73.674734
-23.020112	-67.394024
77.220985	-93.902402
39.823603	52.067629
51.530503	15.170751
-73.662526	22.019105
41.068758	-15.292825
94.311350	15.329447
-11.331523	-98.089541
34.965056	-0.234993
-33.500168	-76.207770
56.651509	12.161626
78.643147	-5.478072
57.841731	64.183477
68.675802	47.459334
45.957823	11.020234
38.700522	73.271889
58.079775	14.212470
-14.114811	-64.720603
39.860225	-70.177313
-37.205115	-86.645100
-61.058382	53.331095
-32.096316	57.524339
-30.973235	-47.679067
-27.671133	-67.387921
-99.096652	18.417920
-10.776086	35.221412
-63.274026	69.512009
-8.047731	64.098025
23.661000	33.689383
-12.643818	-74.614704
-36.674093	46.049379
50.352489	53.807184
-26.859340	-10.397656
26.096377	-68.852809
55.858028	11.655019
-93.993957	-16.708884
33.579516	46.745201
-16.177862	-63.078707
2.499466	77.526170
-1.992859	17.343669
64.525285	-35.239723
-33.237709	68.529313
92.168950	-22.275460
-78.191473	-23.368023
-17.136143	56.248665
47.294534	78.386792
-40.995514	-64.391003
30.014954	-64.629048
-30.112613	-34.348582
-72.801904	-44.334239
-48.075808	-44.792016
-41.837825	43.961913
3.268532	73.210852
-74.028748	-38.566240
29.142125	-62.340159
75.518052	-23.331400
-85.863826	-76.195563
94.091617	88.805811
-22.293771	22.605060
60.832545	4.251228
-30.899991	80.919828
51.268044	-51.890622
-41.966002	-45.432905
3.134251	91.650136
-22.733238	5.508591
-50.206000	77.050081
-26.572466	74.419385
27.518540	20.615253
-77.727592	-40.079958
-37.223426	75.841548
64.629048	-64.287240
45.921201	-62.620930
-80.669576	-63.188574
97.418134	-32.609027
29.331339	-53.825495
32.895901	-74.687948
97.259438	13.034455
-66.692099	-17.551195
66.716514	34.025086
26.401563	2.566607
5.484176	-71.459090
85.729545	-30.252998
-53.019807	-60.570086
53.575243	-55.253761
-53.886532	90.331736
-6.118961	31.162450
-94.116031	-69.084750
-18.466750	-67.448958
30.936613	1.290933
34.220405	-18.118839
64.275033	-53.257851
93.133335	24.448378
-36.527604	-85.845515
-41.294595	35.569323
-27.408673	-38.670003
-12.253182	54.313791
-54.002503	-89.599292
58.091983	-85.522019
80.443739	-23.319193
7.083346	-45.902890
-88.445692	4.129154
50.199896	-15.329447
-68.913846	38.737144
-14.078188	-98.522904
81.035798	71.001312
93.230995	16.104617
81.029695	78.838466
-72.087771	92.516861
45.152135	2.121036
-76.018555	-32.145146
-55.528428	-19.901120
6.375317	-60.692160
-28.495132	82.964568
-78.777429	-1.785333
-37.083041	68.822291
90.050966	92.663350
-63.377789	-2.731407
93.890194	99.902341
99.664296	30.906095
-6.106754	89.721366
-17.050691	55.949583
-5.606250	-39.848018
59.324931	53.257851
54.869228	26.639607
-99.078341	50.993377
-43.064669	45.963927
32.401502	-9.830012
32.712790	56.248665
-64.024781	-65.636158
60.740989	-85.839412
-35.221412	-45.225379
-64.287240	-89.318522
20.578631	-78.051088
18.356883	-53.386029
-47.734001	-64.592425
-28.482925	49.082919
-68.730735	22.397534
-11.044649	-89.635914
-39.854122	37.040315
22.879727	30.185858
-29.313028	-8.914457
-83.416242	-57.206946
67.674795	-52.342296
48.454237	-89.953307
-25.400555	-91.009247
-6.534013	-38.218329
37.626270	29.709769
8.597064	64.665670
43.937498	-13.388470
48.265023	-99.151585
10.843226	36.466567
-83.892331	37.626270
1.815851	-7.138279
59.379864	-30.674154
-74.260689	53.471480
12.063967	12.778100
-24.411756	-91.015351
-6.778161	-62.498856
62.846767	64.909818
66.539506	-88.097781
-96.160772	7.480087
-32.493057	46.794031
-85.668508	-54.972991
4.434339	-82.665487
-31.528672	-44.047365
-60.490738	-55.125584
-21.439253	74.565874
56.236457	19.650868
-48.326060	-53.910947
-80.626850	45.872372
79.589221	-17.899106
33.805353	-9.714042
-81.987976	47.514267
-91.625721	-84.521012
11.709952	10.531938
-68.846706	-20.755638
21.402631	-13.290811
-37.797174	81.151769
-91.003143	8.413953
50.236518	-62.297433
37.199011	-49.070711
-20.737327	67.223121
-60.167241	46.427808
51.701407	65.721610
19.180883	17.105625
13.925596	55.095065
-73.583178	-41.282388
-69.273965	84.826197
81.609546	5.734428
-85.174108	-31.614124
89.318522	-90.630818
-82.262642	-64.256722
-93.762017	-40.183721
88.164922	-16.928617
-83.007294	-16.226691
-95.757927	-98.992889
-25.620289	48.728904
-14.072085	62.657552
-39.652699	5.026399
-6.418043	-47.367779
-76.104007	97.155675
-80.755028	-81.670583
-47.776727	-24.637593
-23.294778	-75.237281
31.260109	-61.027863
-3.378399	-5.887020
51.969970	-57.457198
-67.009491	-88.665426
18.558306	-3.811762
-12.784204	77.019562
14.926603	91.277810
-44.022950	88.744774
-14.456618	82.805872
-90.838343	-67.784661
87.023530	59.605701
4.184088	-36.545915
66.673788	33.756523
-57.188635	-36.832789
24.246956	80.327769
76.879177	44.724876
13.119907	-41.196936
69.029817	96.819971
37.205115	-52.604755
-85.161901	-57.792901
99.810785	-78.545488
32.468642	93.707083
60.661641	7.333598
26.175726	88.647114
-42.551958	42.844935
29.880673	83.165990
-51.969970	-24.369030
37.076937	87.487411
-70.421461	30.661946
-76.665548	-76.555681
-9.036531	-21.854305
-32.395398	85.576952
-45.426801	-66.954558
-21.414838	-13.107700
-36.161382	17.532884
32.480850	-29.209265
-27.304910	-82.494583
-71.739860	-29.905087
93.304239	64.616840
-33.158361	-5.282754
58.116398	74.810022
-39.774773	-70.970794
-47.202979	-25.162511
77.074496	20.285653
75.945311	47.892697
30.802332	-60.753197
82.122257	29.618213
16.525773	-5.569628
64.275033	85.784478
-96.923734	-19.003876
-68.095950	-97.198401
86.346019	45.762505
-58.818323	-77.526170
-89.806818	49.400311
-66.789758	52.043214
61.235389	7.205420
-63.188574	80.889309
43.620106	89.599292
91.998047	-64.799951
-59.764397	-36.338389
-49.650563	1.699881
-33.585620	-43.082980
-91.314432	51.780755
22.513504	24.668111
32.096316	-2.682577
-48.466445	2.029481
22.714927	9.317301
-91.869869	-77.947325
-9.530931	30.753502
-54.887539	81.084628
-17.996765	14.767907
23.850215	32.596820
-75.945311	-80.474258
-45.286416	-9.115879
-62.456130	-9.048738
73.882260	25.669118
78.630940	-35.404523
-37.345500	-70.958586
62.920011	-82.073428
15.695669	-64.098025
29.197058	4.232917
-35.752434	-20.865505
98.809778	-0.576800
-39.225440	60.850856
-12.991729	92.962432
-68.895535	20.853298
22.544023	54.216132
0.442518	83.642079
31.614124	5.429243
99.426252	65.160070
42.631306	-67.436750
-43.430891	20.609149
67.864010	-34.659871
-16.757714	14.456618
-81.707205	-42.405469
57.444990	-5.996887
-92.034669	-0.643941
-87.261574	47.721793
3.988769	-8.273568
-61.534471	29.581591
78.514969	-84.014405
97.528001	30.680258
18.936735	-71.947386
-31.992553	79.326762
-47.495956	-90.472121
14.902188	-49.040193
-58.336131	6.772057
98.126164	69.054231
6.375317	-11.056856
-76.860866	-21.756645
29.551073	-43.424787
40.391247	-28.916288
2.041688	31.748405
99.804682	-50.572222
-36.704611	-38.920255
-33.353679	-98.071230
93.932920	62.981048
4.971465	78.771325
-83.458968	50.193793
-65.196692	44.901883
60.991241	-40.958892
-30.448317	93.060091
-49.668874	-83.452864
39.603870	-2.212592
63.750114	-23.337504
8.584857	-8.243049
-67.332987	-43.082980
88.415174	-54.478591
-73.680837	-93.261513
-40.537736	32.169561
-16.953032	-61.412397
2.005066	57.829524
-56.535539	53.306681
-54.728843	-60.411390
41.984313	90.801721
-59.666738	-88.146611
12.594989	37.412641
-36.954863	-57.530442
-34.452345	21.127964
-46.678060	-60.112308
90.820032	26.010926
-2.969451	32.566301
-55.113376	56.901761
-43.363750	-98.065126
-23.050630	-14.102603
57.011628	50.083926
50.773644	11.606189
32.480850	-16.544084
18.582720	-37.388226
-58.458205	-6.143376
-96.893216	-23.703726
55.351421	-82.061220
-55.912961	-15.677358
-73.723563	-43.510239
65.489669	-64.012574
42.851039	-65.349284
19.650868	-9.256264
-22.794275	84.527116
-35.300760	11.075167
31.443220	-68.810083
-68.694113	-12.949004
88.970611	-36.423841
-64.720603	-76.262703
77.257607	71.245460
-8.023316	22.782067
-51.884518	28.525651
-10.965300	89.349040
-18.149358	7.150487
73.485519	-4.269539
-78.588214	-1.376385
-90.429395	-67.149876
-57.011628	-72.368542
63.591418	80.877102
-30.918302	-62.297433
71.831416	30.228584
-69.548631	30.411695
48.051393	-15.732292
83.135472	-60.698263
-13.382366	74.834437
-13.217566	19.870602
17.606128	21.939756
50.602741	36.808374
-29.874569	68.858913
53.086947	29.721976
-99.957274	23.831904
-58.146916	-61.339152
-61.516160	-60.301523
-80.187384	-29.355754
-82.787561	62.663656
-76.122318	-11.539048
-72.722556	-18.607135
-97.460860	-97.039705
67.064425	7.864620
-1.474044	-49.845882
-63.921018	-79.003265
42.741173	34.281442
-69.322794	-95.519883
65.831477	18.179876
97.991882	10.007019
33.561205	-57.847835
4.293954	-22.928556
-87.731559	52.616962
-25.858333	-59.233375
70.641194	21.744438
-43.650624	58.623005
-75.939207	39.371929
-26.731162	-12.125004
27.842036	-41.538743
9.494308	44.425794
-74.565874	-24.716941
96.227912	-25.418867
-41.929380	25.644704
47.648549	-28.959014
-58.098086	-21.665090
5.484176	64.207892
-80.974761	7.187109
48.002564	-79.845576
88.561663	22.775964
19.718009	-23.471786
-75.975829	-54.771569
38.077944	-52.500992
-16.635640	99.273659
33.298746	29.209265
17.728202	-87.224952
-22.269356	36.765648
85.399945	0.094607
-39.158300	4.196295
76.964629	11.392560
-33.787042	78.502762
-41.831721	-70.744957
-93.279824	39.121677
-63.512070	-6.179998
-25.821711	74.022645
57.890561	-62.346263
59.642323	-56.297494
39.786981	-88.341929
-99.279763	-35.685293
46.745201	-16.745506
-87.908567	-58.818323
14.828944	-11.966308
-44.584490	83.959471
31.186865	16.238899
4.983673	34.690390
-25.138096	-84.789575
-34.665975	39.994507
-74.785607	89.147618
-2.926725	-1.333659
-55.803095	-22.708823
7.095553	15.872677
-61.345256	92.034669
59.581286	-4.715110
8.993805	-2.145451
-36.124760	-99.670400
-9.573656	-87.340922
-4.348888	15.842158
-6.979583	-87.401959
7.449568	41.325114
46.848964	21.610157
84.954375	-52.842799
58.452101	-32.963042
5.221717	24.906156
-15.103610	82.464064
53.141881	63.011567
31.656850	-60.899686
52.275155	79.149754
-19.479965	-13.064974
-33.542894	-59.508042
53.953673	-13.144322
-71.642201	-96.948149
21.878719	-84.929960
51.200903	1.474044
-42.576373	-78.911710
79.961547	-79.564806
-52.348399	20.365001
38.285470	78.972747
-34.330271	-96.960356
-72.679830	-41.129795
10.312204	-60.075686
32.792138	8.566546
-80.394910	-33.005768
96.478164	-46.446120
-35.599841	-70.360424
-91.552477	44.804224
28.232673	-32.029176
-23.746452	76.238289
79.833369	24.332408
27.225562	-97.381512
-55.577258	-45.622120
0.350963	89.123203
80.144658	22.904141
83.800775	23.722037
-34.287545	-34.342479
54.350414	-76.226081
5.795465	98.504593
75.133518	68.004395
-39.939573	54.960784
7.718131	85.039827
2.444533	33.671072
-5.014191	29.953917
16.647847	-63.237403
-29.111606	79.900510
34.244819	80.523087
53.465377	-19.925535
21.646779	59.581286
77.269814	71.452986
-77.904599	45.872372
21.524705	31.266213
-40.983306	-96.423231
-9.750664	-42.240669
-93.060091	1.394696
-99.481185	-69.768365
-63.731803	-96.758934
-64.726707	75.786615
-61.931211	18.802454
-83.269753	73.918882
-64.738914	-4.959258
56.852931	-69.707327
86.352123	-70.018616
40.910062	-49.125645
87.969604	-9.933775
-99.407941	-52.262947
82.549516	-87.835322
32.773827	7.705924
77.269814	-28.281503
20.230720	55.198828
-19.388409	98.071230
10.574664	-59.575182
62.736900	-81.664480
-90.343944	84.258553
-54.075747	11.056856
-54.380932	10.922575
-68.614765	-49.150060
59.971923	-0.070193
-31.394391	25.309000
81.792657	-11.679434
73.516037	5.459761
-58.525346	-45.439009
-98.217719	50.950652
80.089724	-84.606464
83.416242	-68.724631
-89.257485	-33.274331
24.887844	44.248787
88.158818	-100.000000
-14.798425	12.985626
42.637410	25.144200
-68.077639	-57.286294
-65.184484	-68.553728
-16.409803	-81.499680
87.316507	17.575610
-55.265969	25.327311
49.601733	-78.063295
-60.344249	71.623890
-47.697378	84.752953
51.335185	97.619556
-92.730491	-27.060762
-28.366955	49.674978
-90.496536	-0.759911
-30.875576	-98.126164
-2.627644	66.618854
-19.315165	6.192206
-72.777490	-30.607013
-66.783654	-47.697378
-81.255531	-17.770928
-98.315378	-81.444746
-72.777490	68.236335
9.720145	-4.873806
-0.936918	37.528611
79.039888	60.673849
-33.274331	87.365337
-66.020692	93.816950
39.365825	55.192724
-32.627338	-99.414045
-54.539628	15.860469
73.912778	-60.814234
-16.415906	-45.811335
-42.576373	23.191015
37.699515	-55.796991
-81.774346	-15.408795
-86.919767	-33.768731
-73.259682	77.825251
49.278237	-6.833094
89.770196	6.057924
-33.823664	77.135533
-84.484390	-49.009674
99.633778	67.735832
83.764153	87.450789
-17.325358	93.255409
-72.679830	-36.039308
28.818628	35.984375
-68.913846	30.631428
73.412275	-67.107150
54.930265	95.477157
-70.433668	-66.978973
-13.400678	-9.396649
-85.247353	-57.310709
-68.932157	29.355754
4.306162	-10.116886
42.362743	-64.311655
-31.821650	39.036225
-95.770135	27.182836
-52.842799	87.426374
-34.043397	-67.339091
24.753563	74.486526
-60.588397	25.974303
51.036103	35.233619
63.768426	56.920072
74.706259	29.136021
43.949705	-39.207129
39.609973	75.548570
-30.753502	-72.380749
-98.071230	27.085177
18.234809	-87.548448
24.381237	12.149419
56.212043	67.882321
3.543199	-22.214423
-68.449965	80.132450
-13.290811	-35.734123
-22.904141	89.867855
34.391308	42.478713
-77.153844	-20.950957
-15.189062	-54.496902
-73.717460	-94.982757
-23.422956	-74.413282
-73.522141	63.145848
85.833308	67.723624
28.330332	-40.830714
34.037294	-8.853420
-76.958525	-27.323222
22.843104	-30.039369
51.292459	92.706076
52.018799	4.171880
-84.887234	6.936857
-23.081149	72.331919
44.975127	25.705741
61.638234	97.094638
28.055666	21.878719
84.105960	54.930265
-95.770135	68.150884
-50.602741	-38.834803
-64.213996	-47.239601
67.503891	-38.248848
57.255776	55.021821
51.750237	62.846767
11.569567	-38.163396
-5.728324	-70.415357
78.820154	-93.505661
74.584185	85.229041
3.787347	10.989715
-42.320017	-58.073672
28.611103	13.077181
-62.211982	-5.563524
36.729026	59.385968
84.118168	7.889035
-85.540330	45.762505
-55.229347	-68.974883
-63.640248	86.150700
65.141758	-33.927427
80.675680	-8.798486
76.989044	-73.583178
81.127354	-62.010559
14.493240	-86.468093
-78.728599	11.856441
13.480026	44.254891
-22.299875	1.895199
50.138859	59.648427
-81.707205	-68.865017
75.408185	-53.147984
-38.193915	-97.247230
1.309244	5.014191
5.069124	-56.425672
95.562609	86.602374
23.960082	26.041444
40.519425	45.390179
54.509110	-50.010681
12.924589	-77.666555
-39.725944	65.440840
40.586566	-99.432356
92.370373	-82.390820
-7.809687	-39.213233
48.234504	-4.477065
56.688131	68.303476
35.557115	65.282144
68.279061	22.959075
47.483749	69.426557
-66.612751	3.201392
-44.602802	73.552660
-84.124271	-64.458144
-74.419385	41.441084
36.649678	-79.351176
65.904721	-80.095828
-56.010620	47.337260
-91.174047	14.737388
-89.123203	25.693533
37.076937	-61.137730
-84.551531	-29.380169
58.012635	-85.998108
60.966826	-33.036287
33.188879	-92.846461
91.454817	-52.403333
-30.814539	-16.934721
59.300516	-84.423353
76.042970	-46.098209
-98.925748	41.776788
-0.515763	-92.419202
-22.202216	69.048128
-66.728721	95.727409
-64.146855	-45.609912
17.862484	-37.296670
-55.040132	-19.827876
-68.382824	-3.067110
69.255654	65.794855
80.913724	-14.310129
27.872555	-89.043855
95.214698	-45.323038
-98.773156	-98.132267
33.622242	-26.389355
39.255959	11.532945
8.853420	-90.905484
-72.215949	25.461592
35.160375	-94.030580
69.493698	-75.969726
6.277657	78.478347
35.441145	-47.276223
9.677419	-7.614368
-56.346324	11.508530
83.471175	19.418928
-79.180273	94.598224
22.055727	-54.789880
3.543199	11.856441
-63.078707	-88.018433
35.166478	-76.860866
-21.286660	77.251503
14.706870	-83.306375
-73.082675	69.841609
53.849910	-36.985382
53.373821	24.350719
-1.510666	75.298318
-34.183782	75.438704
70.928068	7.827998
37.846004	93.090609
-10.959197	-76.531266
-68.657491	-59.843745
-81.340983	-38.431959
17.825861	33.439131
-84.630879	-62.523270
4.843287	89.477218
12.057863	-94.994964
-26.340526	36.411634
8.359020	12.961211
-65.410321	-26.908170
-81.615650	-12.894070
-93.890194	-43.296609
-67.192602	68.797876
24.063845	-99.877926
51.731925	-58.580279
87.182226	-39.628285
44.450209	76.067385
45.213172	99.243141
92.492447	27.506333
35.850093	-2.511673
-28.000732	-88.097781
76.763207	3.805658
-68.059328	-2.676473
18.894009	99.774163
-75.829340	38.450270
67.461165	-37.925352
-58.244575	86.651204
76.641133	-96.722312
-78.276925	6.723228
-75.591296	-27.677236
-31.473739	31.485946
-26.255074	-3.958251
-45.536668	-14.456618
-73.705252	42.991424
53.306681	-90.557573
75.005341	90.728477
63.328959	-84.557634
61.705374	-22.122868
76.134526	6.192206
-53.886532	22.269356
-52.653584	87.554552
92.382580	-13.748589
-74.431593	-93.188269
79.448836	-29.422895
95.745720	-52.476577
-58.476516	-81.951353
-6.759850	12.247078
-55.149998	-91.839351
44.920194	-75.572985
7.071139	-75.988037
-6.662191	80.687887
-34.586627	72.771386
-39.512314	84.679708
-0.033570	-59.166234
-92.834254	-6.033509
18.253121	65.080721
-55.656606	10.910367
-92.559587	1.327555
52.696310	-50.993377
60.301523	-28.659932
66.649373	-94.103824
81.316568	-30.411695
79.052095	74.187445
79.070406	-88.976714
-77.123325	-78.527177
51.255837	-98.864711
86.077456	70.757164
-31.540880	9.494308
-84.124271	-87.572863
63.072604	28.080081
68.858913	79.253517
-70.500809	-4.361095
62.858974	15.396588
-58.012635	-30.729087
87.237159	-29.099399
-3.811762	24.564348
-72.563860	52.793970
80.938139	-34.537797
-39.628285	64.030885
86.217841	-74.803919
76.689962	-38.309885
-46.183660	-60.545671
86.260567	65.453047
-23.239845	73.021638
63.145848	47.764519
-46.195868	-18.729209
-13.766900	36.899930
5.301065	87.633900
-68.150884	64.152959
-43.382061	58.293405
-25.443281	-13.583789
95.379498	-44.523453
52.397229	-84.600360
8.792383	-49.559008
-47.111423	84.759056
-92.663350	-22.513504
75.920896	-13.663137
-59.025849	10.299997
-70.134587	-93.182165
-85.802789	-58.293405
17.172765	96.014283
-93.798639	-51.707511
65.611744	98.022401
2.340770	-79.021577
61.534471	76.567888
43.180639	42.857143
41.264077	65.709403
-2.645955	95.599231
97.033601	-22.824793
64.549699	-24.448378
-46.488845	95.605335
-85.229041	0.949126
-28.592792	92.925810
-29.795221	91.259499
-65.861995	93.145543
-64.098025	0.186163
74.108097	18.735313
85.552538	83.318583
94.537187	-50.047304
-91.442610	-18.131046
43.345439	-71.733757
24.759667	-96.325571
-4.776147	-64.799951
-27.127903	82.653279
-1.882992	77.813044
-20.883816	98.077334
40.433973	-87.969604
-87.926878	34.879604
95.226905	-64.793847
-69.774468	-33.823664
-2.432325	-21.030305
28.250984	-60.686056
11.343730	-66.234321
-11.630604	-53.276162
41.801202	-63.689077
-56.859035	62.743004
-49.998474	51.139866
55.717643	27.713858
-74.456008	-22.446364
-76.055177	60.637226
-26.340526	13.254189
14.639729	-18.466750
73.058260	5.783258
-65.947447	24.851222
60.716575	-76.793725
41.013825	25.138096
-0.119022	-24.912259
8.859523	-43.778802
87.524033	-84.826197
42.454299	-94.830164
57.457198	56.956694
-43.461409	62.260811
-64.543596	33.323160
21.634571	8.182012
-97.405927	31.693472
-16.177862	79.808954
-77.062288	-64.299448
-35.459456	95.702994
92.071291	-95.165868
46.781823	22.659993
-37.559130	23.172704
53.782769	64.476455
2.066103	-51.469466
-73.387860	-45.731986
42.533647	-6.723228
6.839198	-68.437757
72.801904	-32.029176
30.430006	-14.627522
34.922330	19.199194
-60.637226	44.541765
-22.019105	-7.223731
-83.007294	96.642964
26.474807	-46.391186
-46.525468	-83.397931
-80.614643	-6.588946
-52.433851	-13.632618
-23.752556	-42.387158
51.005585	86.785485
46.366771	22.605060
61.650441	-56.920072
97.528001	-45.347453
-28.202155	5.050813
0.387585	-18.271432
77.758110	-56.749168
-35.160375	-90.600299
-42.997528	-57.493820
-15.439314	12.222663
-80.779443	-26.102481
-53.978088	-68.340098
37.345500	-73.479415
-41.813410	-88.006226
-35.019990	-19.724113
-40.794092	5.301065
46.397290	-99.102756
-43.742180	-23.160497
-74.675741	38.529618
-45.115513	-57.878353
-41.135899	-88.976714
-65.990173	66.820276
42.704550	-46.671957
-77.080599	-39.182714
-46.104312	-85.961486
-63.548692	97.698904
17.508469	80.559709
24.607074	90.813929
3.311258	13.974425
-7.101657	-42.686239
58.836634	-25.058748
49.650563	1.229896
-15.066988	-78.093814
-63.518174	47.032075
60.277108	62.724693
-1.742607	54.759362
-79.168065	41.148106
-51.280251	48.106326
-99.279763	-60.710471
-11.874752	-13.418989
-59.367656	-22.641682
29.013947	-86.895352
70.104068	91.882076
86.492508	8.261361
-30.216376	73.735771
-10.818812	82.341990
20.187994	47.184668
67.162084	-63.328959
-57.164220	-28.855251
-26.975311	-74.785607
40.385144	-55.967895
92.535173	-52.122562
-58.275094	-6.692709
-99.188208	6.686605
58.494827	-68.932157
-79.357280	-43.925291
59.074679	-43.082980
38.853114	-21.366008
-33.500168	-10.654012
37.199011	17.447432
-13.577685	6.833094
93.981750	96.313364
71.361431	-19.956053
-87.438581	-40.873440
-72.423475	76.213874
33.127842	-40.311899
70.769372	-82.909635
-16.141240	33.060701
36.838893	-28.336436
27.848140	79.912717
-46.043275	64.842677
-38.047426	-5.063021
-17.703787	83.440657
-76.171148	70.696127
27.463607	60.704367
63.487655	8.078249
34.134953	-79.454939
35.447249	64.702292
65.916929	62.834559
-32.059694	-27.634510
77.874081	70.928068
65.269936	-45.011750
-12.186041	-77.251503
99.627674	78.124332
-47.312845	-13.388470
-51.384014	61.394086
56.309702	-16.965239
34.739219	-14.951018
-85.345012	-6.118961
23.068941	21.939756
4.995880	99.951170
33.390301	26.096377
25.070956	-71.605579
-76.982940	-90.765099
88.671529	91.113010
96.630757	36.387219
63.701285	-4.605243
-0.808741	-28.092288
59.141820	8.145390
-51.524400	7.144383
-32.938627	54.808191
63.164159	0.979644
65.984069	34.348582
-57.036042	-35.453352
-8.249153	-68.547624
56.920072	-78.710288
82.335887	7.327494
96.160772	73.693045
2.645955	-49.839778
47.367779	7.901242
55.687124	-33.323160
43.192846	-32.541887
86.272774	95.947142
-54.130680	-72.515030
-16.373180	-73.369549
-79.705191	-99.566637
89.007233	-0.851466
-47.209082	4.776147
-85.338908	73.693045
-28.165532	-72.185430
80.419324	-54.374828
-73.003327	-86.083560
73.998230	-10.672323
82.323679	-90.679647
-58.482620	-88.140507
80.419324	-5.081332
-85.729545	97.607349
33.481857	-61.912900
78.063295	25.162511
-2.438429	-4.983673
91.399884	-62.169256
86.242256	-5.423139
58.793909	48.783837
-19.949950	35.135960
-34.696493	62.266915
87.804804	25.498215
-21.237831	92.107913
-83.843501	1.236000
25.730155	-41.300699
-96.362194	47.685171
-52.403333	-54.222236
75.341044	-39.231544
43.003632	-1.821955
-25.443281	77.037873
-97.210608	41.892758
27.732170	4.043703
-56.163213	7.620472
-1.303140	82.396924
-52.049318	39.115574
88.744774	-89.342936
12.082278	67.491684
-61.424604	-35.538804
16.122929	32.859279
88.525040	40.916166
14.529862	-65.569018
-46.861171	-40.281381
58.043153	-9.567553
66.557817	52.183599
51.695303	88.970611
54.765465	69.310587
-44.572283	11.221656
91.131321	40.348521
-66.435743	8.114872
91.302225	-87.054048
-40.726951	11.789300
3.903317	-93.798639
80.443739	63.048189
53.111362	7.858516
53.099155	36.094241
89.452803	-53.141881
-51.347392	41.776788
-94.921720	72.631001
41.251869	-9.396649
69.743950	72.136601
-18.607135	96.783349
-56.328013	-43.833735
-37.797174	4.483169
23.734245	45.982238
84.466079	-82.323679
78.954436	-8.426160
26.792199	14.712973
31.846065	-47.123630
27.072970	-71.129490
41.605884	-24.942778
81.536302	-23.722037
-54.460280	89.251381
-32.395398	-87.780389
-85.021516	-30.143132
-3.103732	97.320475
81.829279	79.857784
-95.568712	54.673910
-7.876827	-64.879299
-19.425031	99.273659
42.783898	19.223609
51.658681	20.938749
-42.204047	-20.169683
15.781121	-97.973571
60.118412	38.023011
-60.093997	51.152074
-4.477065	41.709647
24.521622	-65.874203
64.671773	94.488357
42.136906	83.513901
19.608142	-8.896146
-44.126713	67.845698
80.980865	-9.170812
-75.627918	-98.065126
32.187872	-40.067751
-0.729392	-20.584735
-53.233436	14.627522
-78.478347	-91.247291
5.215613	95.556505
-77.214881	-65.855892
-42.497024	5.246132
-61.851863	-77.697073
87.566759	-60.313730
-63.585314	-3.402814
35.947752	45.249794
-25.754570	-0.363170
-63.017670	32.316050
80.352184	65.715506
26.621296	-23.227638
-23.978393	84.154790
-22.806482	-59.392071
-61.741997	-64.989166
-84.582049	-57.029939
11.685537	78.258614
-20.139164	-87.194433
75.585192	-22.287667
-25.925474	-45.591601
-27.774895	-58.977020
-28.318125	-42.875454
2.804651	56.901761
29.721976	80.449843
-2.816858	10.849330
66.374706	-54.307688
63.731803	60.698263
59.434797	65.672781
25.449385	-46.891690
21.726127	-56.584368
48.765526	62.395093
-90.276803	-28.690451
71.031831	-67.198706
-78.380688	-38.084048
-66.795862	-94.378491
-58.891568	41.605884
23.831904	12.234870
-16.910306	-61.583300
-59.465316	14.505448
-2.383496	-4.757836
-24.539933	-26.358837
88.299203	-60.325938
-69.335002	28.824732
-98.669393	-58.244575
69.969787	-33.127842
41.618091	-9.146397
-86.754967	64.152959
71.922971	-77.074496
79.674673	-17.978454
-48.356578	-70.555742
85.943175	-2.969451
71.172216	79.198584
-94.097720	-52.879421
-61.772515	84.197516
-2.291940	-24.875637
72.490616	41.062654
4.818873	50.755333
-35.489975	-21.036409
37.076937	-47.636341
55.497909	-54.496902
-61.857967	89.745781
-6.057924	61.687063
45.439009	49.125645
-74.504837	77.367473
48.997467	41.782891
72.319712	58.232368
55.320902	-62.663656
-41.959899	-64.226203
62.639241	63.115329
-65.178381	-48.661763
-46.336253	50.718711
-31.546983	-74.437696
12.265389	-88.818018
-61.955626	-15.488144
70.122379	19.852290
6.350902	73.638112
89.794610	-7.724235
-82.970672	90.929899
90.313425	-67.607654
-24.808496	-29.587695
21.628468	34.195990
-32.718894	-52.665792
94.128239	18.198187
-23.209326	-63.792840
-30.539872	-16.104617
-48.191778	52.989288
-81.005280	-40.501114
-19.132054	12.668233
-43.955809	-69.823298
-66.832484	33.506272
48.197882	26.059755
19.565416	-20.859401
15.970336	51.292459
-69.530320	-30.173650
24.076052	35.300760
-93.023469	-5.887020
71.440779	-12.363048
1.431318	-47.917112
-13.614307	-62.498856
83.703116	61.595508
-66.924039	39.402448
49.406415	58.525346
-64.439833	25.937681
-13.657033	-77.465133
25.675222	-10.782189
-44.615009	-40.598773
-79.039888	-27.994629
-57.939390	-28.757591
38.999603	-50.169378
35.087130	-54.094058
-45.799127	85.442671
-11.893063	-3.244118
-96.435438	36.722922
20.914335	-15.952025
47.392193	-0.589007
16.330454	-50.718711
91.418195	65.807062
-30.942717	-6.418043
-23.557237	-19.266335
42.741173	-68.413343
41.892758	76.067385
91.479232	-48.106326
-30.661946	64.976959
2.023377	15.414899
-87.560656	77.208777
-87.047945	22.922452
-80.578021	16.635640
67.058321	82.885220
54.380932	22.324290
-46.885586	-88.946196
-76.329844	-85.680715
93.475143	92.876980
13.669240	5.545213
-66.521195	40.049440
-54.008606	-39.146092
-10.824915	-27.512436
56.706442	84.704123
-90.545366	-43.076876
5.478072	-81.517991
8.865627	-66.606647
21.115757	-71.025727
-72.588275	-39.127781
89.703055	-31.009857
-26.438185	13.284707
91.509751	91.558580
6.686605	-42.832728
-6.985687	-1.120029
15.182958	42.234565
-99.731437	-92.706076
46.617023	-63.945433
79.808954	-90.478225
46.006653	34.153264
-46.635334	15.378277
58.586383	76.702170
-27.219459	-47.685171
-46.739097	3.158666
-18.918424	-93.060091
-76.964629	76.036866
-33.744316	88.836329
-81.383709	5.001984
13.827937	97.796564
71.514023	-97.289956
-35.551012	-24.015015
62.755211	3.457747
-17.075106	-74.004334
93.682669	-24.002808
-55.278176	-23.813593
14.847255	-38.248848
46.378979	-25.418867
69.389935	-30.338450
-54.087954	-7.510605
7.138279	-41.068758
39.652699	-80.828272
25.656911	40.910062
-18.436232	-71.251564
94.457839	-68.675802
51.469466	0.650044
-81.267739	84.264657
78.258614	-25.205237
98.736534	38.901944
-75.444807	-77.178259
-58.873257	10.495315
38.853114	-83.434553
78.557695	56.694235
81.493576	-24.936674
-46.372875	50.511185
-69.219031	71.288186
-76.329844	-8.804590
75.395978	-20.041505
42.350536	84.258553
99.346904	47.587512
74.565874	-78.197577
65.800958	66.008484
0.747703	-5.355998
-94.024476	-69.292276
-33.079012	67.168188
19.363994	65.215003
-63.347270	46.446120
-8.474990	92.632832
1.242103	76.647237
35.703604	-64.189581
4.330576	90.191351
64.543596	27.225562
37.284463	-53.318888
-1.870785	9.866634
61.455123	-8.914457
14.566485	10.428175
13.669240	-37.784967
-50.547807	65.965758
51.200903	82.921842
-49.613941	-14.627522
92.376476	63.115329
-7.217627	26.847133
-90.777306	46.971038
-36.655782	72.588275
-71.733757	35.532701
-82.732627	82.079531
-4.245125	15.897092
15.610218	-94.915616
63.652455	-71.642201
-51.097140	35.703604
52.543718	-97.344890
-46.555986	-11.392560
47.770623	94.616535
26.310007	78.905606
84.978790	-45.579394
45.524461	86.693930
81.383709	57.835627
1.504563	-12.350841
-30.954924	-68.535417
46.159246	30.893887
-13.748589	3.506577
-34.305857	-54.655599
-16.580706	-88.921781
-16.367077	-44.102298
99.688711	95.464949
-99.951170	-9.475997
66.454054	-83.520005
73.467208	-40.281381
94.103824	17.276528
51.493881	89.446699
-1.779229	-29.288614
-43.339335	-11.185034
-78.502762	-61.314737
33.469649	33.805353
-92.443617	-24.442274
63.060396	-51.738029
83.050020	-93.005158
51.731925	-36.631367
-95.910520	15.439314
99.530015	36.930448
23.575549	63.469344
55.131687	-86.376537
35.258034	86.321604
63.335063	-92.406995
51.139866	84.759056
11.380352	-11.551256
-31.669057	49.626148
-19.650868	52.134770
-18.485061	49.278237
-92.144536	-42.246773
-2.517777	11.142308
-31.614124	11.667226
-92.236091	-71.343120
77.379681	80.144658
-24.204230	-75.084689
25.449385	11.709952
94.744713	-95.892209
48.948637	-49.418622
-27.713858	22.177801
-56.975005	22.330393
-1.370281	-92.168950
-76.403088	-26.956999
53.941465	65.227210
-55.644398	43.314920
11.490219	-10.538041
75.127415	58.165227
-7.229835	26.346629
47.746208	14.316233
-69.231239	-92.584002
-24.118778	-54.100162
97.796564	-8.285775
-45.194861	-49.992370
-46.153142	-54.643391
-52.427747	-46.812342
-27.878658	90.319529
63.762322	-99.749748
-2.438429	-46.440016
37.022004	-53.404340
-5.044710	47.837764
7.724235	-64.757225
-57.280190	15.335551
16.946928	-60.020753
-71.385846	-34.452345
-82.024598	-44.334239
3.677480	-61.564989
-88.250374	-82.854701
50.602741	-75.719474
12.259285	-72.142705
22.830897	-28.550066
48.326060	79.509873
10.599078	13.254189
-91.985839	-56.041139
90.160833	-54.777673
31.778924	-81.279946
12.503433	-15.976440
60.734886	-92.919706
87.749870	39.262062
46.269112	-85.625782
-78.514969	-70.604572
-72.820215	41.441084
-40.653706	-26.871548
80.742821	56.620991
95.995972	-12.692648
53.709525	27.530747
-95.141453	22.855312
79.766228	-6.161687
-55.211035	69.737846
89.507736	-37.711722
99.920652	62.364574
19.248024	5.288858
8.987701	16.623432
-75.084689	-55.778680
-59.624012	29.837947
-92.730491	-1.217689
-30.918302	-25.229652
-45.298624	83.593249
11.880856	19.156468
-90.154729	-66.685995
-23.020112	1.742607
66.319773	-62.450026
-15.646840	-3.689688
1.705985	66.740928
-86.974700	94.787439
-46.800134	-29.679250
31.571398	-59.233375
-57.945494	28.421888
-31.955931	44.700461
-46.940519	38.322092
-24.338511	11.911374
-24.588763	-83.117161
-49.638356	-85.198523
11.136204	-99.664296
-43.351543	-59.556871
57.329020	22.476882
-82.164983	-55.211035
-31.504257	-47.300638
26.993622	44.792016
5.209510	-24.973296
-65.105136	79.650258
-24.674215	-10.605182
71.111179	72.484512
-25.919370	-83.513901
-45.426801	-76.427503
29.190954	-12.729270
49.888607	66.600543
57.365642	98.620563
25.528733	-81.121250
38.322092	-83.861812
-29.740287	57.158116
12.680441	-94.402905
24.069948	-50.114444
9.903256	-26.004822
-20.297861	-22.482986
-87.408063	-98.254341
-88.781396	-28.153325
-36.649678	47.111423
-14.236885	5.795465
-79.558702	-95.898312
-85.290078	64.824366
-31.406598	-4.770043
0.613422	-68.755150
-8.926664	80.156865
36.033204	-87.365337
-90.643025	-38.285470
10.580767	-54.295480
96.655171	70.433668
82.457961	-93.261513
-28.562273	-91.290017
-29.355754	59.984130
-22.574541	-63.792840
24.082156	75.133518
55.998413	-22.708823
-75.981933	-54.753258
17.526780	-67.857906
75.853755	36.271249
-82.195502	72.594378
46.635334	-0.540178
45.731986	-96.075320
-95.422224	-22.037416
28.598895	74.028748
16.708884	38.761559
61.253700	-89.043855
-38.993500	61.296426
-34.727012	70.390942
-90.746788	13.907285
84.521012	73.973815
-63.188574	49.522385
-76.775414	20.029298
15.616321	-48.368786
-67.046113	47.721793
-53.367718	-38.023011
-45.390179	36.014893
-11.996826	-78.917814
-78.228095	-81.371502
35.135960	-47.019868
-68.370617	96.282846
-90.978729	25.241859
89.733573	-72.576067
8.999908	15.744499
34.806360	-21.219520
86.205634	17.270425
-50.065615	16.837062
-6.009095	-88.732566
-33.732109	21.665090
-28.458510	-58.012635
-34.391308	4.208502
-83.043916	-77.727592
88.042848	-91.607410
6.015198	2.237007
-49.113437	-20.822779
-87.108982	32.084109
85.302286	77.947325
-10.879849	50.303659
-3.408918	-73.662526
56.944487	-71.471297
-45.304727	-40.067751
-26.584674	-95.702994
-79.015473	-27.127903
21.445357	32.889798
-82.409131	34.781945
84.032716	89.611499
45.616016	61.229286
57.963805	-46.269112
58.372753	-81.121250
63.219092	5.270547
96.026490	46.769616
-95.690786	-34.098331
87.713248	74.730674
-60.130619	-84.636982
27.579577	20.426038
16.605121	-85.637989
30.857265	-53.892636
24.057741	-34.525590
-23.758660	56.370739
-73.747978	-56.865139
40.922269	-81.780450
26.566362	24.039430
-65.660573	-15.359966
-77.965636	49.180578
-62.852870	-97.131260
-96.594134	-51.225318
-48.643452	-11.178930
57.103183	61.333048
68.199713	-51.402326
25.382244	78.106021
59.709464	28.696554
81.011383	44.187750
-99.560533	75.835444
72.569964	-52.476577
-74.480422	87.896359
96.758934	-72.985015
-68.779565	-62.926115
53.892636	31.058687
24.430067	46.568194
-57.170324	-42.326121
-72.856838	-97.973571
51.646474	-92.388684
-57.664724	-20.981475
-99.792474	-18.509476
87.365337	-32.236702
91.015351	52.421644
1.217689	76.384777
-75.591296	-54.808191
-68.144780	93.890194
-65.398114	53.428755
9.872738	-5.746635
2.523881	25.803400
-85.290078	-37.327189
1.986755	52.720725
-60.258797	25.388348
35.233619	-15.445418
-37.601856	-35.758538
14.218574	12.887967
-74.352245	97.302164
43.845943	-54.222236
-62.950529	6.692709
-36.619160	8.493301
-8.383435	-5.020295
-97.656178	0.833155
24.771874	-48.704489
7.101657	-57.585376
-98.376415	8.505509
-5.606250	37.003693
48.869289	72.612690
88.091678	87.304300
-64.586322	5.703909
-4.617450	-8.621479
-91.814936	-56.340220
78.685873	51.951659
-10.769982	-70.159001
-20.535905	-70.183416
-59.642323	-53.904843
50.346385	-27.274392
1.657155	-77.764214
51.567125	-49.198889
10.080264	5.331584
68.230232	-70.043031
-95.660268	69.945372
-95.562609	-85.637989
-77.593310	-49.284341
-89.312418	-10.641804
97.820978	-21.597949
-99.322489	-4.019288
-38.944670	-99.310282
-86.175115	68.413343
52.281259	-30.924406
79.772332	65.507981
-48.374889	72.936186
-58.989227	27.799310
33.335368	-97.851497
90.099796	91.058077
49.949644	19.522691
77.410199	-12.210456
-47.172460	24.143193
45.994446	-32.096316
55.308695	87.090670
49.522385	69.670705
-55.412458	40.586566
-90.240181	-27.573473
48.777734	-98.022401
-30.289621	-37.888730
65.227210	13.687551
-1.284829	40.971099
-43.546861	80.419324
5.752739	-87.389752
-80.089724	84.960479
17.203284	73.778497
37.778863	-36.362804
-24.680319	-56.108280
13.156529	22.898038
13.632618	63.884396
98.785363	-21.945860
65.569018	95.287942
24.594867	-4.361095
62.523270	51.042207
30.387280	20.432142
77.636036	89.172033
9.762871	-31.400494
71.514023	-99.407941
71.697134	68.022706
-3.830073	22.348704
-74.120304	-72.850734
-86.602374	-92.584002
-1.760918	13.711966
83.886227	82.488479
82.641072	-75.731681
83.196509	24.814600
35.300760	-73.790704
-98.931852	89.495529
-82.036805	-46.830653
80.108036	-81.615650
96.172979	-64.806055
50.132756	61.925108
98.834193	45.005646
-85.393841	45.017853
-54.576250	-58.561968
45.127720	8.413953
-53.001495	-8.511612
-59.538560	-43.314920
87.231056	-47.990356
-93.731498	-55.943480
-10.159612	92.565691
11.752678	29.447310
-21.408734	40.397351
79.515976	-68.169195
36.082034	-70.952483
-35.105441	17.300943
-32.340464	-68.333995
81.017487	-51.011689
-23.380230	-39.677114
25.711844	31.113620
-42.991424	12.656026
66.734825	-21.524705
-89.733573	-53.050325
-58.598590	-57.487716
-8.090457	-32.932524
-73.088778	-74.669637
-5.423139	-1.669362
37.638478	12.796411
-26.383251	35.691397
-94.372387	-41.904965
21.567431	45.402387
0.552385	-53.154088
97.643971	-98.498489
-54.667806	75.212867
-81.438643	-61.754204
-16.226691	-27.970214
17.038484	-0.131230
-43.644520	96.453749
-26.059755	-31.217383
40.488907	-57.896664
-69.310587	53.660695
11.478011	79.284036
-12.094485	18.393506
80.437635	66.130558
-3.396710	33.439131
65.410321	-39.683218
-51.701407	-69.408246
-48.051393	62.352367
70.140690	-57.402264
-0.625629	21.701712
31.363872	-91.296121
49.009674	-62.846767
-32.651753	27.542955
-9.396649	-17.496261
-72.490616	-61.516160
43.241676	-11.087374
53.233436	12.802515
6.888028	-84.856716
92.150639	35.789056
-59.031953	36.942656
-44.981231	-38.779870
26.090274	-13.199255
-78.600421	-80.761132
65.245521	75.383770
0.442518	-40.891751
-19.302957	25.809503
52.946562	-92.126225
-37.137974	-47.892697
-18.955046	26.395459
27.341533	-86.950285
-8.255257	43.797113
36.423841	72.631001
40.440077	51.774651
-58.677938	-1.602222
60.869167	39.841914
-98.681600	-70.995209
87.585070	-47.117527
36.155278	-57.914975
77.257607	52.220222
67.821284	53.770562
-64.915922	61.430708
8.096561	-18.863491
-47.495956	78.197577
-51.951659	-1.217689
-37.528611	-66.612751
-94.329661	20.761742
18.631550	-21.280557
-11.947996	-60.808130
-95.538194	-15.890988
24.198126	-49.235511
78.881191	-73.906674
-75.176244	-97.674490
-35.728019	-51.493881
-74.657430	-13.046663
-16.507462	76.647237
-31.681265	21.573534
51.853999	-33.787042
-18.375195	37.540819
-69.524216	68.340098
-91.491440	15.311136
-52.775658	91.735588
45.963927	94.549394
91.430403	-56.517228
-52.598651	90.820032
-11.270486	29.569384
46.201971	50.230415
-37.754448	96.362194
56.059450	73.168126
86.303293	94.439528
-95.361187	-61.552782
38.975188	45.878475
56.645405	-40.879543
59.776605	-3.634754
-17.423017	1.120029
18.564409	33.243812
29.471725	96.081423
-97.851497	50.889615
49.821467	-20.426038
-75.371563	44.596698
44.987335	-14.059877
-32.120731	14.194159
-20.761742	31.015961
-41.721854	58.696249
20.847194	-85.979797
86.144597	-56.749168
-33.719901	69.866024
73.845637	-80.449843
-96.075320	2.987762
-0.869778	81.029695
73.503830	-65.770440
79.692984	34.086123
-22.635578	91.729484
-74.663533	-33.420820
-99.890133	-22.733238
64.006470	94.799646
92.571795	39.262062
47.825556	-29.752495
-23.502304	83.605457
-54.454176	27.408673
26.273385	53.672903
-72.484512	53.801080
83.751946	-89.257485
-50.529496	-36.472671
-37.430952	46.000549
41.459395	-44.395276
98.199408	-44.523453
8.059938	38.303781
99.914548	9.128086
46.140934	0.753807
-39.054537	45.280313
86.541337	13.077181
-16.830958	21.726127
-34.269234	-63.744011
-27.603992	54.722739
33.872494	-76.952422
-39.329203	77.117222
-94.610431	-8.835108
11.789300	46.873379
-41.520432	-50.071718
-33.799249	-62.785730
89.550462	-38.254952
81.719413	39.713736
-70.903653	-80.425428
26.059755	11.429182
25.150304	-78.362377
-22.318186	-2.468947
0.497452	24.686422
91.064180	60.533464
-9.994812	-42.997528
82.616657	47.349467
-35.703604	-27.567370
-6.381420	-74.388867
46.000549	-73.320719
86.382641	-79.711295
24.753563	-42.881558
-70.274972	81.975768
-22.586749	47.355571
30.356761	18.039491
-0.503555	57.835627
66.014588	18.002869
-45.786920	-96.313364
76.940214	-95.806757
45.371868	61.119419
71.758171	39.127781
-79.705191	83.513901
4.062014	20.712912
-90.844447	-91.393780
-24.051637	96.679586
-93.206580	37.943663
24.759667	29.300821
-96.588031	-30.283517
-50.712607	41.831721
70.360424	-33.426923
-68.333995	-22.190008
7.205420	-60.747093
11.233863	-95.507675
56.431776	-72.386853
-33.433027	91.680654
91.918699	-39.890744
62.028871	-2.792444
87.524033	-26.950896
14.926603	-9.701834
72.014527	-29.111606
39.738151	44.065676
-23.490097	-91.222877
-74.584185	-71.568957
-19.156468	78.606525
2.267525	-65.379803
64.909818	79.815058
-45.561083	62.639241
-28.598895	-43.717765
-65.587329	-97.222816
86.138493	-19.614246
-64.317759	-57.347331
42.130802	65.660573
79.888302	-69.280068
-46.165349	89.147618
-25.370037	27.823725
87.670522	-95.171972
-1.687674	-22.208319
75.115207	-70.714438
68.089846	28.476821
74.663533	80.889309
-52.684103	34.415723
-11.160619	-46.281320
48.735008	72.362438
-57.463301	7.583850
-10.470901	1.004059
-71.062349	55.217139
54.655599	96.038697
29.276406	28.019044
24.600970	-8.133183
-87.353130	-98.419141
-76.165044	61.272011
22.196112	-37.766655
-53.746147	64.110233
-46.177557	95.800653
-86.248360	-3.518784
33.756523	79.937132
-75.676748	-28.470717
1.193274	-38.810389
-54.155095	63.097018
2.291940	98.107852
11.764885	-56.456191
1.675466	-48.442030
-24.918363	46.989349
17.844172	3.665273
76.689962	89.098788
88.616596	86.382641
84.484390	74.877163
-27.091281	-98.846400
59.404279	25.528733
95.110935	10.904263
-95.342875	-44.267098
-61.760308	85.375530
-45.561083	-67.467269
-7.748650	81.377606
-41.685232	-52.818384
63.609729	-60.991241
-82.415235	31.040376
52.446059	75.139622
-70.171209	-53.080844
3.592029	55.357524
97.924741	87.096774
-62.352367	-74.193548
59.739982	-90.893277
68.376720	-14.084292
-5.172887	-59.184545
-87.310404	83.446760
64.281137	85.778375
99.505600	13.071078
-59.953612	60.264901
-16.452528	99.688711
-20.047609	93.243202
70.671712	-52.250740
-95.306253	-79.631947
-39.414655	37.907041
-66.985076	3.512680
13.522752	-47.917112
31.315043	6.814783
46.903897	-91.601306
34.018983	60.698263
68.407239	-12.949004
90.862758	44.975127
-48.454237	-71.501816
-2.633747	22.391430
60.161138	85.143590
64.793847	53.782769
-72.142705	7.754753
85.808893	-73.888363
-1.071200	47.996460
52.055422	24.674215
-63.292337	58.085879
-20.010987	80.675680
-94.116031	-30.906095
-98.870815	25.461592
-65.215003	-71.074557
-26.993622	82.628864
-35.941649	-18.613239
-32.914212	-70.732749
87.896359	-32.584613
89.892270	57.634205
-5.899228	29.953917
-6.436354	-31.589709
-90.771203	3.500473
-67.839595	-73.100986
55.064547	69.676809
-80.144658	-86.669515
-77.355266	-39.866329
47.379986	98.571734
-29.819636	87.878048
12.900174	76.476333
50.962859	88.427381
23.624378	-15.878780
-22.342601	-48.039186
-75.670644	-58.800012
-70.799890	27.774895
-90.905484	-60.216071
-93.554491	82.140568
72.515030	15.726188
-57.066561	91.058077
-43.418683	32.969146
77.019562	-51.017792
-50.437941	-88.018433
-8.499405	-25.235755
93.029572	33.616138
-72.838527	-3.830073
-46.623127	49.546800
-23.673208	94.152654
-85.955382	30.655843
-37.235633	-11.899167
-55.327006	-15.457625
14.194159	-56.584368
3.469955	73.393963
33.573412	-17.453536
-70.976897	-36.448256
-24.491104	80.840480
-22.141179	37.913144
-66.020692	-71.666616
63.878292	-97.491379
-52.385022	-61.064486
56.059450	-81.524094
-71.160009	87.981811
-9.414960	-9.366131
23.056734	59.642323
-46.305734	-56.035035
4.196295	85.351115
91.454817	-80.706198
12.833033	-45.573290
-97.253334	-80.755028
43.107395	-21.683401
71.752068	-64.049196
84.740745	-10.513627
-3.952147	-8.413953
-73.607593	-43.571276
66.759239	-76.952422
-73.412275	95.873898
56.828516	42.075869
-41.550951	63.548692
73.796808	-98.071230
34.543901	-95.330668
33.243812	-97.973571
18.015076	-54.490799
-90.765099	-38.285470
-73.656423	-92.852565
-82.091739	-5.618458
33.927427	22.806482
90.575884	13.254189
79.656362	39.902951
-7.559435	0.094607
-14.059877	88.183233
43.406476	-32.010865
-4.733421	95.031587
-3.054903	-50.425733
30.509354	-70.641194
33.518479	-58.122501
-14.548173	-44.737083
24.619282	-60.930204
-48.472549	-23.349712
23.862423	84.325694
87.206641	54.167302
-58.800012	72.093875
-63.847774	-24.369030
56.639302	32.029176
-99.468978	61.247597
-70.415357	25.791192
75.572985	84.789575
-39.725944	-12.045656
-48.265023	-7.882931
-40.720847	42.387158
-9.237953	-1.828059
-18.478957	25.186926
-18.308054	-56.303598
-19.016083	-54.429762
